1.000000000000000021e-02 1.214321510203227206e+01 1.659625471929689411e+01 1.111111111111111164e-04
1.023292992280754217e-02 1.214623201572075040e+01 1.655020304607438675e+01 1.136992213645282400e-04
1.047128548050899575e-02 1.214925733572841970e+01 1.650415137411734534e+01 1.163476164500999531e-04
1.071519305237606488e-02 1.215229110902945564e+01 1.645809970348144802e+01 1.190577005819562804e-04
1.096478196143185063e-02 1.215533338299272970e+01 1.641204803422479586e+01 1.218309106825761202e-04
1.122018454301963557e-02 1.215838420538623943e+01 1.636599636640804434e+01 1.246687171446626168e-04
1.148153621496882971e-02 1.216144362438159909e+01 1.631994470009449927e+01 1.275726246107647800e-04
1.174897554939529666e-02 1.216451168855859422e+01 1.627389303535023757e+01 1.305441727710588415e-04
1.202264434617413176e-02 1.216758844690979657e+01 1.622784137224422096e+01 1.335849371797125649e-04
1.230268770812381791e-02 1.217067394884525200e+01 1.618178971084843099e+01 1.366965300902646320e-04
1.258925411794167490e-02 1.217376824419723036e+01 1.613573805123798266e+01 1.398806013104630605e-04
1.288249551693134223e-02 1.217687138322503415e+01 1.608968639349129504e+01 1.431388390770149113e-04
1.318256738556407466e-02 1.217998341661989414e+01 1.604363473769019421e+01 1.464729709507119515e-04
1.348962882591653312e-02 1.218310439550991653e+01 1.599758308392008743e+01 1.498847647324059301e-04
1.380384264602885214e-02 1.218623437146511890e+01 1.595153143227010695e+01 1.533760294003205739e-04
1.412537544622754007e-02 1.218937339650251594e+01 1.590547978283328590e+01 1.569486160691948879e-04
1.445439770745927249e-02 1.219252152309130466e+01 1.585942813570669330e+01 1.606044189717696950e-04
1.479108388168207111e-02 1.219567880415810102e+01 1.581337649099165432e+01 1.643453764631341168e-04
1.513561248436207964e-02 1.219884529309226551e+01 1.576732484879392082e+01 1.681734720484675389e-04
1.548816618912481069e-02 1.220202104375130503e+01 1.572127320922382587e+01 1.720907354347201085e-04
1.584893192461113431e-02 1.220520611046634762e+01 1.567522157239652536e+01 1.760992436067903752e-04
1.621810097358929864e-02 1.220840054804770425e+01 1.562916993843220581e+01 1.802011219287699825e-04
1.659586907437560557e-02 1.221160441179050338e+01 1.558311830745628335e+01 1.843985452708400685e-04
1.698243652461744330e-02 1.221481775748042153e+01 1.553706667959962218e+01 1.886937391624160390e-04
1.737800828749375484e-02 1.221804064139947599e+01 1.549101505499879927e+01 1.930889809721528249e-04
1.778279410038922925e-02 1.222127312033193469e+01 1.544496343379632108e+01 1.975866011154358854e-04
1.819700858609983596e-02 1.222451525157027774e+01 1.539891181614092019e+01 2.021889842899981767e-04
1.862087136662867598e-02 1.222776709292128139e+01 1.535286020218778269e+01 2.068985707403186232e-04
1.905460717963247327e-02 1.223102870271216247e+01 1.530680859209883948e+01 2.117178575514719373e-04
1.949844599758045541e-02 1.223430013979683473e+01 1.526075698604308251e+01 2.166493999731161700e-04
1.995262314968879874e-02 1.223758146356225573e+01 1.521470538419681873e+01 2.216958127743199854e-04
2.041737944669529473e-02 1.224087273393485908e+01 1.516865378674404496e+01 2.268597716299477270e-04
2.089296130854039618e-02 1.224417401138709138e+01 1.512260219387673210e+01 2.321440145393377432e-04
2.137962089502232557e-02 1.224748535694404872e+01 1.507655060579519812e+01 2.375513432780258403e-04
2.187761623949553008e-02 1.225080683219020727e+01 1.503049902270845273e+01 2.430846248832836730e-04
2.238721138568339902e-02 1.225413849927626764e+01 1.498444744483456681e+01 2.487467931742599891e-04
2.290867652767772378e-02 1.225748042092607903e+01 1.493839587240110411e+01 2.545408503075302642e-04
2.344228815319922624e-02 1.226083266044370212e+01 1.489234430564544809e+01 2.604698683688803180e-04
2.398832919019489723e-02 1.226419528172055529e+01 1.484629274481533123e+01 2.665369910021655260e-04
2.454708915685031162e-02 1.226756834924267814e+01 1.480024119016918149e+01 2.727454350761145856e-04
2.511886431509579437e-02 1.227095192809810165e+01 1.475418964197664806e+01 2.790984923899532768e-04
2.570395782768864629e-02 1.227434608398435145e+01 1.470813810051904724e+01 2.855995314187627148e-04
2.630267991895381477e-02 1.227775088321603647e+01 1.466208656608989891e+01 2.922519990994868356e-04
2.691534803926915256e-02 1.228116639273257782e+01 1.461603503899539547e+01 2.990594226585461396e-04
2.754228703338166065e-02 1.228459268010605498e+01 1.456998351955500937e+01 3.060254114820184601e-04
2.818382931264453578e-02 1.228802981354916035e+01 1.452393200810202067e+01 3.131536590293837333e-04
2.884031503126605750e-02 1.229147786192330116e+01 1.447788050498412638e+01 3.204479447918450906e-04
2.951209226666385438e-02 1.229493689474679741e+01 1.443182901056407097e+01 3.279121362962650462e-04
3.019951720402016052e-02 1.229840698220324846e+01 1.438577752522022735e+01 3.355501911557795709e-04
3.090295432513590415e-02 1.230188819514999032e+01 1.433972604934738726e+01 3.433661591681766911e-04
3.162277660168379134e-02 1.230538060512671450e+01 1.429367458335732621e+01 3.513641844631532540e-04
3.235936569296282705e-02 1.230888428436421655e+01 1.424762312767964190e+01 3.595485076995869685e-04
3.311311214825911342e-02 1.231239930579327257e+01 1.420157168276246118e+01 3.679234683139901612e-04
3.388441561392025597e-02 1.231592574305367727e+01 1.415552024907323059e+01 3.764935068213361895e-04
3.467368504525316503e-02 1.231946367050340641e+01 1.410946882709958494e+01 3.852631671694795945e-04
3.548133892335755130e-02 1.232301316322793738e+01 1.406341741735014850e+01 3.942370991484172595e-04
3.630780547701013827e-02 1.232657429704972252e+01 1.401736602035549772e+01 4.034200608556681982e-04
3.715352290971726118e-02 1.233014714853779736e+01 1.397131463666905482e+01 4.128169212190806593e-04
3.801893963205612431e-02 1.233373179501756844e+01 1.392526326686807714e+01 4.224326625784013620e-04
3.890451449942804868e-02 1.233732831458074131e+01 1.387921191155466971e+01 4.322723833269783247e-04
3.981071705534973415e-02 1.234093678609541200e+01 1.383316057135685284e+01 4.423413006149970461e-04
4.073802778041125949e-02 1.234455728921633622e+01 1.378710924692966699e+01 4.526447531156806430e-04
4.168693834703354750e-02 1.234818990439534936e+01 1.374105793895632033e+01 4.631882038559282972e-04
4.265795188015925749e-02 1.235183471289196078e+01 1.369500664814938773e+01 4.739772431128806219e-04
4.365158322401661156e-02 1.235549179678413623e+01 1.364895537525206315e+01 4.850175913779623555e-04
4.466835921509629964e-02 1.235916123897923846e+01 1.360290412103946700e+01 4.963151023899589186e-04
4.570881896148751983e-02 1.236284312322516143e+01 1.355685288631998908e+01 5.078757662387502637e-04
4.677351412871981473e-02 1.236653753412163681e+01 1.351080167193675052e+01 5.197057125413312483e-04
4.786300923226385201e-02 1.237024455713174298e+01 1.346475047876900000e+01 5.318112136918206213e-04
4.897788193684461666e-02 1.237396427859360060e+01 1.341869930773371600e+01 5.441986881871623905e-04
5.011872336272724798e-02 1.237769678573224930e+01 1.337264815978720023e+01 5.568747040303027602e-04
5.128613839913648276e-02 1.238144216667174113e+01 1.332659703592670120e+01 5.698459822126275597e-04
5.248074602497725810e-02 1.238520051044743298e+01 1.328054593719221721e+01 5.831194002775250997e-04
5.370317963702526953e-02 1.238897190701847961e+01 1.323449486466825142e+01 5.967019959669474152e-04
5.495408738576245539e-02 1.239275644728053827e+01 1.318844381948572675e+01 6.106009709529161469e-04
5.623413251903491145e-02 1.239655422307869337e+01 1.314239280282396116e+01 6.248236946559434894e-04
5.754399373371569398e-02 1.240036532722060159e+01 1.309634181591268920e+01 6.393777081523966408e-04
5.888436553555889685e-02 1.240418985348984471e+01 1.305029086003422378e+01 6.542707281728765787e-04
6.025595860743578058e-02 1.240802789665953298e+01 1.300423993652564647e+01 6.695106511937308881e-04
6.165950018614822087e-02 1.241187955250612518e+01 1.295818904678115224e+01 6.851055576238691521e-04
6.309573444801933051e-02 1.241574491782349021e+01 1.291213819225446002e+01 7.010637160891036290e-04
6.456542290346556356e-02 1.241962409043720506e+01 1.286608737446130668e+01 7.173935878162840179e-04
6.606934480075961347e-02 1.242351716921911198e+01 1.282003659498207604e+01 7.341038311195512752e-04
6.760829753919818386e-02 1.242742425410211560e+01 1.277398585546453802e+01 7.512033059910909558e-04
6.918309709189363055e-02 1.243134544609523573e+01 1.272793515762666949e+01 7.687010787988181630e-04
7.079457843841380216e-02 1.243528084729892846e+01 1.268188450325961192e+01 7.866064270934866858e-04
7.244359600749898653e-02 1.243923056092067192e+01 1.263583389423077818e+01 8.049288445277665146e-04
7.413102413009177438e-02 1.244319469129082201e+01 1.258978333248703230e+01 8.236780458899086235e-04
7.585775750291835762e-02 1.244717334387873997e+01 1.254373282005804846e+01 8.428639722546484372e-04
7.762471166286918911e-02 1.245116662530921836e+01 1.249768235905979452e+01 8.624967962541020723e-04
7.943282347242813790e-02 1.245517464337918057e+01 1.245163195169813086e+01 8.825869274714237545e-04
8.128305161640994592e-02 1.245919750707468232e+01 1.240558160027261891e+01 9.031450179601105584e-04
8.317637711026708291e-02 1.246323532658820632e+01 1.235953130718044157e+01 9.241819678918564455e-04
8.511380382023767122e-02 1.246728821333627835e+01 1.231348107492048882e+01 9.457089313359741270e-04
8.709635899560805306e-02 1.247135627997738005e+01 1.226743090609761921e+01 9.677373221734227949e-04
8.912509381337459236e-02 1.247543964043018505e+01 1.222138080342711497e+01 9.902788201486066155e-04
9.120108393559096804e-02 1.247953840989213070e+01 1.217533076973928630e+01 1.013345377062121891e-03
9.332543007969909543e-02 1.248365270485830258e+01 1.212928080798429953e+01 1.036949223107767621e-03
9.549925860214358853e-02 1.248778264314067776e+01 1.208323092123716336e+01 1.061102873357150887e-03
9.772372209558106981e-02 1.249192834388770024e+01 1.203718111270296554e+01 1.085819134395345133e-03
1.000000000000000056e-01 1.249608992760421877e+01 1.199113138572230852e+01 1.111111111111111110e-03
1.023292992280754182e-01 1.250026751617177112e+01 1.194508174377693877e+01 1.136992213645282319e-03
1.047128548050899610e-01 1.250446123286925371e+01 1.189903219049564953e+01 1.163476164500999504e-03
1.071519305237606523e-01 1.250867120239395192e+01 1.185298272966041822e+01 1.190577005819562885e-03
1.096478196143185063e-01 1.251289755088295941e+01 1.180693336521273729e+01 1.218309106825761230e-03
1.122018454301963591e-01 1.251714040593498645e+01 1.176088410126031292e+01 1.246687171446626222e-03
1.148153621496882937e-01 1.252139989663256436e+01 1.171483494208393772e+01 1.275726246107647746e-03
1.174897554939529770e-01 1.252567615356466746e+01 1.166878589214468853e+01 1.305441727710588687e-03
1.202264434617413141e-01 1.252996930884972926e+01 1.162273695609142266e+01 1.335849371797125703e-03
1.230268770812381757e-01 1.253427949615910819e+01 1.157668813876855118e+01 1.366965300902646483e-03
1.258925411794167559e-01 1.253860685074096182e+01 1.153063944522416229e+01 1.398806013104630713e-03
1.288249551693134154e-01 1.254295150944458292e+01 1.148459088071846423e+01 1.431388390770149113e-03
1.318256738556407293e-01 1.254731361074516549e+01 1.143854245073253040e+01 1.464729709507119190e-03
1.348962882591653867e-01 1.255169329476905560e+01 1.139249416097748480e+01 1.498847647324059789e-03
1.380384264602885214e-01 1.255609070331944466e+01 1.134644601740398784e+01 1.533760294003205793e-03
1.412537544622754770e-01 1.256050597990256357e+01 1.130039802621210931e+01 1.569486160691949692e-03
1.445439770745927111e-01 1.256493926975435471e+01 1.125435019386165791e+01 1.606044189717696895e-03
1.479108388168207111e-01 1.256939071986764489e+01 1.120830252708287311e+01 1.643453764631341331e-03
1.513561248436207929e-01 1.257386047901983162e+01 1.116225503288757359e+01 1.681734720484675443e-03
1.548816618912481069e-01 1.257834869780108811e+01 1.111620771858074264e+01 1.720907354347201140e-03
1.584893192461113431e-01 1.258285552864309764e+01 1.107016059177259493e+01 1.760992436067903861e-03
1.621810097358929725e-01 1.258738112584832791e+01 1.102411366039111762e+01 1.802011219287699608e-03
1.659586907437560488e-01 1.259192564561986671e+01 1.097806693269513012e+01 1.843985452708400523e-03
1.698243652461744191e-01 1.259648924609182075e+01 1.093202041728784479e+01 1.886937391624160174e-03
1.737800828749375415e-01 1.260107208736028461e+01 1.088597412313099611e+01 1.930889809721528195e-03
1.778279410038922925e-01 1.260567433151490313e+01 1.083992805955952399e+01 1.975866011154358854e-03
1.819700858609983596e-01 1.261029614267104115e+01 1.079388223629683985e+01 2.021889842899981821e-03
1.862087136662867459e-01 1.261493768700255558e+01 1.074783666347072852e+01 2.068985707403186124e-03
1.905460717963247397e-01 1.261959913277520151e+01 1.070179135162985240e+01 2.117178575514719156e-03
1.949844599758045471e-01 1.262428065038067793e+01 1.065574631176092524e+01 2.166493999731161808e-03
1.995262314968879735e-01 1.262898241237132879e+01 1.060970155530658943e+01 2.216958127743199908e-03
2.041737944669529681e-01 1.263370459349550146e+01 1.056365709418397536e+01 2.268597716299477433e-03
2.089296130854039757e-01 1.263844737073359603e+01 1.051761294080402109e+01 2.321440145393377594e-03
2.137962089502232488e-01 1.264321092333480578e+01 1.047156910809155050e+01 2.375513432780258349e-03
2.187761623949552869e-01 1.264799543285456807e+01 1.042552560950613660e+01 2.430846248832836676e-03
2.238721138568340041e-01 1.265280108319273822e+01 1.037948245906380329e+01 2.487467931742599891e-03
2.290867652767773488e-01 1.265762806063250423e+01 1.033343967135960106e+01 2.545408503075303943e-03
2.344228815319922832e-01 1.266247655388006343e+01 1.028739726159102474e+01 2.604698683688802963e-03
2.398832919019490972e-01 1.266734675410505062e+01 1.024135524558240817e+01 2.665369910021656453e-03
2.454708915685031023e-01 1.267223885498177260e+01 1.019531363981026217e+01 2.727454350761145639e-03
2.511886431509580686e-01 1.267715305273124748e+01 1.014927246142956108e+01 2.790984923899533961e-03
2.570395782768863380e-01 1.268208954616403794e+01 1.010323172830115546e+01 2.855995314187626064e-03
2.630267991895381408e-01 1.268704853672396027e+01 1.005719145902016010e+01 2.922519990994868356e-03
2.691534803926915465e-01 1.269203022853260876e+01 1.001115167294554631e+01 2.990594226585461830e-03
2.754228703338166273e-01 1.269703482843478604e+01 9.965112390230791206e+00 3.060254114820184709e-03
2.818382931264453717e-01 1.270206254604480556e+01 9.919073631855813034e+00 3.131536590293837550e-03
2.884031503126605611e-01 1.270711359379370364e+01 9.873035419660098455e+00 3.204479447918450689e-03
2.951209226666385299e-01 1.271218818697738406e+01 9.826997776377130123e+00 3.279121362962650246e-03
3.019951720402015982e-01 1.271728654380571477e+01 9.780960725670144740e+00 3.355501911557795709e-03
3.090295432513590623e-01 1.272240888545258208e+01 9.734924292169308657e+00 3.433661591681767562e-03
3.162277660168379412e-01 1.272755543610693429e+01 9.688888501510271922e+00 3.513641844631532757e-03
3.235936569296282705e-01 1.273272642302483248e+01 9.642853380374280192e+00 3.595485076995869576e-03
3.311311214825911065e-01 1.273792207658253872e+01 9.596818956529784117e+00 3.679234683139901395e-03
3.388441561392025458e-01 1.274314263033063099e+01 9.550785258875658101e+00 3.764935068213361678e-03
3.467368504525316641e-01 1.274838832104921771e+01 9.504752317486108382e+00 3.852631671694796162e-03
3.548133892335754713e-01 1.275365938880421801e+01 9.458720163657257984e+00 3.942370991484172270e-03
3.630780547701014105e-01 1.275895607700477363e+01 9.412688829955564884e+00 4.034200608556682416e-03
3.715352290971725702e-01 1.276427863246179584e+01 9.366658350268032507e+00 4.128169212190806701e-03
3.801893963205612570e-01 1.276962730544766700e+01 9.320628759854393763e+00 4.224326625784013620e-03
3.890451449942806672e-01 1.277500234975712701e+01 9.274600095401233091e+00 4.322723833269785307e-03
3.981071705534973137e-01 1.278040402276938181e+01 9.228572395078201041e+00 4.423413006149970461e-03
4.073802778041128447e-01 1.278583258551142343e+01 9.182545698596312533e+00 4.526447531156809791e-03
4.168693834703355305e-01 1.279128830272262363e+01 9.136520047268515299e+00 4.631882038559283730e-03
4.265795188015927830e-01 1.279677144292060120e+01 9.090495484072478760e+00 4.739772431128808604e-03
4.365158322401661017e-01 1.280228227846841271e+01 9.044472053715775672e+00 4.850175913779623121e-03
4.466835921509632601e-01 1.280782108564304522e+01 8.998449802703543554e+00 4.963151023899591355e-03
4.570881896148751844e-01 1.281338814470531240e+01 8.952428779408604598e+00 5.078757662387502203e-03
4.677351412871981196e-01 1.281898373997110951e+01 8.906409034144292747e+00 5.197057125413312266e-03
4.786300923226382564e-01 1.282460815988409131e+01 8.860390619239932875e+00 5.318112136918203177e-03
4.897788193684461389e-01 1.283026169708979225e+01 8.814373589119187002e+00 5.441986881871623688e-03
5.011872336272722439e-01 1.283594464851123007e+01 8.768358000381244466e+00 5.568747040303024566e-03
5.128613839913648276e-01 1.284165731542598898e+01 8.722343911885074519e+00 5.698459822126276247e-03
5.248074602497725394e-01 1.284740000354484835e+01 8.676331384836775129e+00 5.831194002775250129e-03
5.370317963702526676e-01 1.285317302309196563e+01 8.630320482880113886e+00 5.967019959669473718e-03
5.495408738576245122e-01 1.285897668888664391e+01 8.584311272190459974e+00 6.106009709529161035e-03
5.623413251903490728e-01 1.286481132042673003e+01 8.538303821572062802e+00 6.248236946559434027e-03
5.754399373371569260e-01 1.287067724197364882e+01 8.492298202558997033e+00 6.393777081523966191e-03
5.888436553555890240e-01 1.287657478263912303e+01 8.446294489519701187e+00 6.542707281728767088e-03
6.025595860743577781e-01 1.288250427647361995e+01 8.400292759765360273e+00 6.695106511937308665e-03
6.165950018614821948e-01 1.288846606255651750e+01 8.354293093662191083e+00 6.851055576238691304e-03
6.309573444801933606e-01 1.289446048508807152e+01 8.308295574747829093e+00 7.010637160891037591e-03
6.456542290346556356e-01 1.290048789348317904e+01 8.262300289851836510e+00 7.173935878162840396e-03
6.606934480075961069e-01 1.290654864246698708e+01 8.216307329220608580e+00 7.341038311195512318e-03
6.760829753919819218e-01 1.291264309217238626e+01 8.170316786646713680e+00 7.512033059910909992e-03
6.918309709189366385e-01 1.291877160823939974e+01 8.124328759602862604e+00 7.687010787988184449e-03
7.079457843841380216e-01 1.292493456191653500e+01 8.078343349380624261e+00 7.866064270934867292e-03
7.244359600749902262e-01 1.293113233016409858e+01 8.032360661234074328e+00 8.049288445277668833e-03
7.413102413009177161e-01 1.293736529575953753e+01 7.986380804528536714e+00 8.236780458899086235e-03
7.585775750291839925e-01 1.294363384740481671e+01 7.940403892894503990e+00 8.428639722546489577e-03
7.762471166286919466e-01 1.294993837983589913e+01 7.894430044387028111e+00 8.624967962541021591e-03
7.943282347242817121e-01 1.295627929393432787e+01 7.848459381650601863e+00 8.825869274714241014e-03
8.128305161640995147e-01 1.296265699684097150e+01 7.802492032089868523e+00 9.031450179601106451e-03
8.317637711026708569e-01 1.296907190207196692e+01 7.756528128046153547e+00 9.241819678918565539e-03
8.511380382023763236e-01 1.297552442963687724e+01 7.710567806980185956e+00 9.457089313359737584e-03
8.709635899560805861e-01 1.298201500615913240e+01 7.664611211661019219e+00 9.677373221734229466e-03
8.912509381337454517e-01 1.298854406499875047e+01 7.618658490361505997e+00 9.902788201486061384e-03
9.120108393559096527e-01 1.299511204637741102e+01 7.572709797060376502e+00 1.013345377062121848e-02
9.332543007969910098e-01 1.300171939750589623e+01 7.526765291651186018e+00 1.036949223107767708e-02
9.549925860214358853e-01 1.300836657271394614e+01 7.480825140158373188e+00 1.061102873357151061e-02
9.772372209558106704e-01 1.301505403358255819e+01 7.434889514960537404e+00 1.085819134395345220e-02
1.000000000000000000e+00 1.302178224907877357e+01 7.388958595021205333e+00 1.111111111111111154e-02
1.023292992280754765e+00 1.302855169569297900e+01 7.343032566127306815e+00 1.136992213645283099e-02
1.047128548050899610e+00 1.303536285757877344e+01 7.297111621135549342e+00 1.163476164500999548e-02
1.071519305237607078e+00 1.304221622669541603e+01 7.251195960226915815e+00 1.190577005819563362e-02
1.096478196143185091e+00 1.304911230295291524e+01 7.205285791169500520e+00 1.218309106825761143e-02
1.122018454301962898e+00 1.305605159435977569e+01 7.159381329589982634e+00 1.246687171446625442e-02
1.148153621496882826e+00 1.306303461717343595e+01 7.113482799253842970e+00 1.275726246107647573e-02
1.174897554939529076e+00 1.307006189605346158e+01 7.067590432354664998e+00 1.305441727710587863e-02
1.202264434617413169e+00 1.307713396421748264e+01 7.021704469812714677e+00 1.335849371797125790e-02
1.230268770812381174e+00 1.308425136359995022e+01 6.975825161583051326e+00 1.366965300902645702e-02
1.258925411794167504e+00 1.309141464501371921e+01 6.929952766973382694e+00 1.398806013104630583e-02
1.288249551693133599e+00 1.309862436831449983e+01 6.884087554971952905e+00 1.431388390770148462e-02
1.318256738556407459e+00 1.310588110256821359e+01 6.838229804585696847e+00 1.464729709507119407e-02
1.348962882591653312e+00 1.311318542622126593e+01 6.792379805188884845e+00 1.498847647324059312e-02
1.380384264602885214e+00 1.312053792727379253e+01 6.746537856882540041e+00 1.533760294003205793e-02
1.412537544622753938e+00 1.312793920345588461e+01 6.700704270864881629e+00 1.569486160691948781e-02
1.445439770745927888e+00 1.313538986240682860e+01 6.654879369813012424e+00 1.606044189717697676e-02
1.479108388168207222e+00 1.314289052185739592e+01 6.609063488276167853e+00 1.643453764631341504e-02
1.513561248436208651e+00 1.315044180981518629e+01 6.563256973080694223e+00 1.681734720484676440e-02
1.548816618912481236e+00 1.315804436475306893e+01 6.517460183747107116e+00 1.720907354347201226e-02
1.584893192461114042e+00 1.316569883580074318e+01 6.471673492919395976e+00 1.760992436067904468e-02
1.621810097358929781e+00 1.317340588293940229e+01 6.425897286806905306e+00 1.802011219287699695e-02
1.659586907437561321e+00 1.318116617719958050e+01 6.380131965638963898e+00 1.843985452708401390e-02
1.698243652461744357e+00 1.318898040086214429e+01 6.334377944132596028e+00 1.886937391624160520e-02
1.737800828749376247e+00 1.319684924766246858e+01 6.288635651973466523e+00 1.930889809721529279e-02
1.778279410038922759e+00 1.320477342299780332e+01 6.242905534310403404e+00 1.975866011154358767e-02
1.819700858609984317e+00 1.321275364413785169e+01 6.197188052263613578e+00 2.021889842899982428e-02
1.862087136662867515e+00 1.322079064043852981e+01 6.151483683446968165e+00 2.068985707403186297e-02
1.905460717963248340e+00 1.322888515355896644e+01 6.105792922504432063e+00 2.117178575514720371e-02
1.949844599758045582e+00 1.323703793768169490e+01 6.060116281660995696e+00 2.166493999731161635e-02
1.995262314968880846e+00 1.324524975973606722e+01 6.014454291288181764e+00 2.216958127743200863e-02
2.041737944669529625e+00 1.325352139962486220e+01 5.968807500484471618e+00 2.268597716299477346e-02
2.089296130854038758e+00 1.326185365045409803e+01 5.923176477670718754e+00 2.321440145393376467e-02
2.137962089502232654e+00 1.327024731876601393e+01 5.877561811200818553e+00 2.375513432780258435e-02
2.187761623949551648e+00 1.327870322477523857e+01 5.831964109987739064e+00 2.430846248832835288e-02
2.238721138568339875e+00 1.328722220260808484e+01 5.786384004145113558e+00 2.487467931742599891e-02
2.290867652767772267e+00 1.329580510054496578e+01 5.740822145644512098e+00 2.545408503075302642e-02
2.344228815319922887e+00 1.330445278126591546e+01 5.695279208988534236e+00 2.604698683688803224e-02
2.398832919019489918e+00 1.331316612209914929e+01 5.649755891899790328e+00 2.665369910021655325e-02
2.454708915685031023e+00 1.332194601527263877e+01 5.604252916025907361e+00 2.727454350761145466e-02
2.511886431509579687e+00 1.333079336816866878e+01 5.558771027660620589e+00 2.790984923899533093e-02
2.570395782768864823e+00 1.333970910358130091e+01 5.513310998480935865e+00 2.855995314187627712e-02
2.630267991895381297e+00 1.334869415997670927e+01 5.467873626300456813e+00 2.922519990994868269e-02
2.691534803926916908e+00 1.335774949175630155e+01 5.422459735838852879e+00 2.990594226585463131e-02
2.754228703338166273e+00 1.336687606952257923e+01 5.377070179507406955e+00 3.060254114820184709e-02
2.818382931264455049e+00 1.337607488034764991e+01 5.331705838210589299e+00 3.131536590293838851e-02
2.884031503126605500e+00 1.338534692804430293e+01 5.286367622163604452e+00 3.204479447918450602e-02
2.951209226666386964e+00 1.339469323343956475e+01 5.241056471725718424e+00 3.279121362962652414e-02
3.019951720402016093e+00 1.340411483465063469e+01 5.195773358249264007e+00 3.355501911557795536e-02
3.090295432513591845e+00 1.341361278736309259e+01 5.150519284944063969e+00 3.433661591681768516e-02
3.162277660168379523e+00 1.342318816511125590e+01 5.105295287757074085e+00 3.513641844631532757e-02
3.235936569296284482e+00 1.343284205956057598e+01 5.060102436266941339e+00 3.595485076995871832e-02
3.311311214825911176e+00 1.344257558079193160e+01 5.014941834593146908e+00 3.679234683139901568e-02
3.388441561392027346e+00 1.345238985758767036e+01 4.969814622319328912e+00 3.764935068213363933e-02
3.467368504525316641e+00 1.346228603771925769e+01 4.924721975430423448e+00 3.852631671694796422e-02
3.548133892335756823e+00 1.347226528823636826e+01 4.879665107263035928e+00 3.942370991484174525e-02
3.630780547701013994e+00 1.348232879575722443e+01 4.834645269468611950e+00 4.034200608556682416e-02
3.715352290971723814e+00 1.349247776676003241e+01 4.789663752988698064e+00 4.128169212190804099e-02
3.801893963205612792e+00 1.350271342787529072e+01 4.744721889041714213e+00 4.224326625784013967e-02
3.890451449942804896e+00 1.351303702617876645e+01 4.699821050120474020e+00 4.322723833269782878e-02
3.981071705534973137e+00 1.352344982948494057e+01 4.654962650999626028e+00 4.423413006149970461e-02
4.073802778041126338e+00 1.353395312664064853e+01 4.610148149752212099e+00 4.526447531156806842e-02
4.168693834703354639e+00 1.354454822781870327e+01 4.565379048774333093e+00 4.631882038559283210e-02
4.265795188015925277e+00 1.355523646481123556e+01 4.520656895816945742e+00 4.739772431128806002e-02
4.365158322401661017e+00 1.356601919132245015e+01 4.475983285023647618e+00 4.850175913779623121e-02
4.466835921509630047e+00 1.357689778326054686e+01 4.431359857973312444e+00 4.963151023899588926e-02
4.570881896148751622e+00 1.358787363902847112e+01 4.386788304726230159e+00 5.078757662387501509e-02
4.677351412871980862e+00 1.359894817981318660e+01 4.342270364872460320e+00 5.197057125413311746e-02
4.786300923226384896e+00 1.361012284987315368e+01 4.297807828580867628e+00 5.318112136918205779e-02
4.897788193684461611e+00 1.362139911682361415e+01 4.253402537647350101e+00 5.441986881871623688e-02
5.011872336272724660e+00 1.363277847191937120e+01 4.209056386540521721e+00 5.568747040303027168e-02
5.128613839913648498e+00 1.364426243033464203e+01 4.164771323443178908e+00 5.698459822126276247e-02
5.248074602497728058e+00 1.365585253143959044e+01 4.120549351287582596e+00 5.831194002775253599e-02
5.370317963702526676e+00 1.366755033907313610e+01 4.076392528782678326e+00 5.967019959669474238e-02
5.495408738576248453e+00 1.367935744181156998e+01 4.032302971431066752e+00 6.106009709529165025e-02
5.623413251903491172e+00 1.369127545323255646e+01 3.988282852533615586e+00 6.248236946559434374e-02
5.754399373371572146e+00 1.370330601217402666e+01 3.944334404179299813e+00 6.393777081523968620e-02
5.888436553555889574e+00 1.371545078298746922e+01 3.900459918217919153e+00 6.542707281728765700e-02
6.025595860743581333e+00 1.372771145578511209e+01 3.856661747213044222e+00 6.695106511937312654e-02
6.165950018614822170e+00 1.374008974668047500e+01 3.812942305372579277e+00 6.851055576238691824e-02
6.309573444801936049e+00 1.375258739802170105e+01 3.769304069454086470e+00 7.010637160891039499e-02
6.456542290346556356e+00 1.376520617861715223e+01 3.725749579641973508e+00 7.173935878162840396e-02
6.606934480075957516e+00 1.377794788395262771e+01 3.682281440393433858e+00 7.341038311195507982e-02
6.760829753919819218e+00 1.379081433639961318e+01 3.638902321250011784e+00 7.512033059910910859e-02
6.918309709189363055e+00 1.380380738541393804e+01 3.595614957611447338e+00 7.687010787988181326e-02
7.079457843841380438e+00 1.381692890772417037e+01 3.552422151468340061e+00 7.866064270934866598e-02
7.244359600749898931e+00 1.383018080750907863e+01 3.509326772090124891e+00 8.049288445277665016e-02
7.413102413009177383e+00 1.384356501656348470e+01 3.466331756664601915e+00 8.236780458899085888e-02
7.585775750291835706e+00 1.385708349445176246e+01 3.423440110885271004e+00 8.428639722546484025e-02
7.762471166286919910e+00 1.387073822864828898e+01 3.380654909482492698e+00 8.624967962541021937e-02
7.943282347242813124e+00 1.388453123466404726e+01 3.337979296694460807e+00 8.825869274714236157e-02
8.128305161640994925e+00 1.389846455615866283e+01 3.295416486673784284e+00 9.031450179601105410e-02
8.317637711026709013e+00 1.391254026503701269e+01 3.252969763825493743e+00 9.241819678918565539e-02
8.511380382023768121e+00 1.392676046152967118e+01 3.210642483071975750e+00 9.457089313359742788e-02
8.709635899560804972e+00 1.394112727425629750e+01 3.168438070040519694e+00 9.677373221734228426e-02
8.912509381337459402e+00 1.395564286027116729e+01 3.126360021168759218e+00 9.902788201486066588e-02
9.120108393559096527e+00 1.397030940508993879e+01 3.084411903723538462e+00 1.013345377062121883e-01
9.332543007969913873e+00 1.398512912269682218e+01 3.042597355728324793e+00 1.036949223107768159e-01
9.549925860214358408e+00 1.400010425553119831e+01 3.000920085794553049e+00 1.061102873357150922e-01
9.772372209558112033e+00 1.401523707445284650e+01 2.959383872851941266e+00 1.085819134395345775e-01
1.000000000000000000e+01 1.403052987868477253e+01 2.917992565773012803e+00 1.111111111111111049e-01
1.023292992280754632e+01 1.404598499573278048e+01 2.876750082886856408e+00 1.136992213645282856e-01
1.047128548050899610e+01 1.406160478128079205e+01 2.835660411377276091e+00 1.163476164500999582e-01
1.071519305237607078e+01 1.407739161906095759e+01 2.794727606560366340e+00 1.190577005819563466e-01
1.096478196143185180e+01 1.409334792069762265e+01 2.753955791036683642e+00 1.218309106825761351e-01
1.122018454301964141e+01 1.410947612552413943e+01 2.713349153713087158e+00 1.246687171446626829e-01
1.148153621496882870e+01 1.412577870037158156e+01 2.672911948689518535e+00 1.275726246107647677e-01
1.174897554939530231e+01 1.414225813932834086e+01 2.632648494005917161e+00 1.305441727710589250e-01
1.202264434617413080e+01 1.415891696346966455e+01 2.592563170244697623e+00 1.335849371797125651e-01
1.230268770812381085e+01 1.417575772055611871e+01 2.552660418984194823e+00 1.366965300902645564e-01
1.258925411794167459e+01 1.419278298470002575e+01 2.512944741098741552e+00 1.398806013104630375e-01
1.288249551693133554e+01 1.420999535599887054e+01 2.473420694901132144e+00 1.431388390770148289e-01
1.318256738556407370e+01 1.422739746013475148e+01 2.434092894123392359e+00 1.464729709507119337e-01
1.348962882591653312e+01 1.424499194793887469e+01 2.394966005732090508e+00 1.498847647324059174e-01
1.380384264602885303e+01 1.426278149492019587e+01 2.356044747574519871e+00 1.533760294003205793e-01
1.412537544622754027e+01 1.428076880075724020e+01 2.317333885852464359e+00 1.569486160691948851e-01
1.445439770745928065e+01 1.429895658875223852e+01 2.278838232420508536e+00 1.606044189717697745e-01
1.479108388168207178e+01 1.431734760524664729e+01 2.240562641906149288e+00 1.643453764631341296e-01
1.513561248436208651e+01 1.433594461899722816e+01 2.202512008649376352e+00 1.681734720484676371e-01
1.548816618912481147e+01 1.435475042051185923e+01 2.164691263459697979e+00 1.720907354347201157e-01
1.584893192461114175e+01 1.437376782134424147e+01 2.127105370189090738e+00 1.760992436067904676e-01
1.621810097358929781e+01 1.439299965334677367e+01 2.089759322119716156e+00 1.802011219287699695e-01
1.659586907437561365e+01 1.441244876788087659e+01 2.052658138165726065e+00 1.843985452708401529e-01
1.698243652461744446e+01 1.443211803498403967e+01 2.015806858889073183e+00 1.886937391624160520e-01
1.737800828749376336e+01 1.445201034249303440e+01 1.979210542329619793e+00 1.930889809721529349e-01
1.778279410038922848e+01 1.447212859512262106e+01 1.942874259650582580e+00 1.975866011154358837e-01
1.819700858609984451e+01 1.449247571349931363e+01 1.906803090600764472e+00 2.021889842899982637e-01
1.862087136662867692e+01 1.451305463314966282e+01 1.871002118795789482e+00 2.068985707403186436e-01
1.905460717963248385e+01 1.453386830344270386e+01 1.835476426821118334e+00 2.117178575514720440e-01
1.949844599758045405e+01 1.455491968648619938e+01 1.800231091160326979e+00 2.166493999731161635e-01
1.995262314968880801e+01 1.457621175597643948e+01 1.765271176952805332e+00 2.216958127743201001e-01
2.041737944669529625e+01 1.459774749600137866e+01 1.730601732585801411e+00 2.268597716299477485e-01
2.089296130854040712e+01 1.461952989979705109e+01 1.696227784126382421e+00 2.321440145393378618e-01
2.137962089502232388e+01 1.464156196845716806e+01 1.662154329599751845e+00 2.375513432780258227e-01
2.187761623949552003e+01 1.466384670959604541e+01 1.628386333121026430e+00 2.430846248832835566e-01
2.238721138568340052e+01 1.468638713596492806e+01 1.594928718888446451e+00 2.487467931742600169e-01
2.290867652767772356e+01 1.470918626402205298e+01 1.561786365046707648e+00 2.545408503075302642e-01
2.344228815319922532e+01 1.473224711245671337e+01 1.528964097429958757e+00 2.604698683688803085e-01
2.398832919019490006e+01 1.475557270066787119e+01 1.496466683194763503e+00 2.665369910021655464e-01
2.454708915685031201e+01 1.477916604719778348e+01 1.464298824354157702e+00 2.727454350761145951e-01
2.511886431509579509e+01 1.480303016812140626e+01 1.432465151224683986e+00 2.790984923899532677e-01
2.570395782768864734e+01 1.482716807539229009e+01 1.400970215799083540e+00 2.855995314187627643e-01
2.630267991895381385e+01 1.485158277514591418e+01 1.369818485058106328e+00 2.922519990994868477e-01
2.691534803926916553e+01 1.487627726596146616e+01 1.339014334235573145e+00 2.990594226585462923e-01
2.754228703338166184e+01 1.490125453708319547e+01 1.308562040051658659e+00 3.060254114820184501e-01
2.818382931264455138e+01 1.492651756660263374e+01 1.278465773929910787e+00 3.131536590293839128e-01
2.884031503126605855e+01 1.495206931960304964e+01 1.248729595214301380e+00 3.204479447918450741e-01
2.951209226666387053e+01 1.497791274626767333e+01 1.219357444403104118e+00 3.279121362962652553e-01
3.019951720402016093e+01 1.500405077995330672e+01 1.190353136417101165e+00 3.355501911557795536e-01
3.090295432513591933e+01 1.503048633523114042e+01 1.161720353919938331e+00 3.433661591681768654e-01
3.162277660168379256e+01 1.505722230589661059e+01 1.133462640709136826e+00 3.513641844631532618e-01
3.235936569296284659e+01 1.508426156295040066e+01 1.105583395196467311e+00 3.595485076995871832e-01
3.311311214825911264e+01 1.511160695255266617e+01 1.078085863996879112e+00 3.679234683139901430e-01
3.388441561392027523e+01 1.513926129395283304e+01 1.050973135645327572e+00 3.764935068213363656e-01
3.467368504525316553e+01 1.516722737739731208e+01 1.024248134461124504e+00 3.852631671694796145e-01
3.548133892335756912e+01 1.519550796201771270e+01 9.979136145794668122e-01 3.942370991484174247e-01
3.630780547701014171e+01 1.522410577370215279e+01 9.719721541698873590e-01 4.034200608556682277e-01
3.715352290971728166e+01 1.525302350295246612e+01 9.464261498612897006e-01 4.128169212190809234e-01
3.801893963205612437e+01 1.528226380273013696e+01 9.212778113930645274e-01 4.224326625784013967e-01
3.890451449942804629e+01 1.531182928629401196e+01 8.965291565115602879e-01 4.322723833269783156e-01
3.981071705534973404e+01 1.534172252503277178e+01 8.721820061308841465e-01 4.423413006149970461e-01
4.073802778041125805e+01 1.537194604629543981e+01 8.482379797764919571e-01 4.526447531156806425e-01
4.168693834703355350e+01 1.540250233122313972e+01 8.246984913295815067e-01 4.631882038559283488e-01
4.265795188015925277e+01 1.543339381258547682e+01 8.015647450896448145e-01 4.739772431128805863e-01
4.365158322401661195e+01 1.546462287262497703e+01 7.788377321718048529e-01 4.850175913779623538e-01
4.466835921509630225e+01 1.549619184091306678e+01 7.565182272547882336e-01 4.963151023899589065e-01
4.570881896148751622e+01 1.552810299222118751e+01 7.346067856944091812e-01 5.078757662387501925e-01
4.677351412871981040e+01 1.556035854441062405e+01 7.131037410165196322e-01 5.197057125413312439e-01
4.786300923226384896e+01 1.559296065634474004e+01 6.920092028022033492e-01 5.318112136918204946e-01
4.897788193684461078e+01 1.562591142582727599e+01 6.713230549769063638e-01 5.441986881871623272e-01
5.011872336272725192e+01 1.565921288757047591e+01 6.510449545138422556e-01 5.568747040303028140e-01
5.128613839913648320e+01 1.569286701119669480e+01 6.311743305607941945e-01 5.698459822126276109e-01
5.248074602497728591e+01 1.572687569927733442e+01 6.117103839978996760e-01 5.831194002775254015e-01
5.370317963702527209e+01 1.576124078541270102e+01 5.926520874326882682e-01 5.967019959669475071e-01
5.495408738576248453e+01 1.579596403235659707e+01 5.739981856369934521e-01 6.106009709529165441e-01
5.623413251903490817e+01 1.583104713018926368e+01 5.557471964288750454e-01 6.248236946559434513e-01
5.754399373371572324e+01 1.586649169454232933e+01 5.378974120010581172e-01 6.393777081523969175e-01
5.888436553555889930e+01 1.590229926487934620e+01 5.204469006957302968e-01 6.542707281728766811e-01
6.025595860743580801e+01 1.593847130283540103e+01 5.033935092239363307e-01 6.695106511937312099e-01
6.165950018614822170e+01 1.597500919061931768e+01 4.867348653260549773e-01 6.851055576238691547e-01
6.309573444801936404e+01 1.601191422948163989e+01 4.704683808682937340e-01 7.010637160891040054e-01
6.456542290346556001e+01 1.604918763825185124e+01 4.545912553682848189e-01 7.173935878162840396e-01
6.606934480075963734e+01 1.608683055194778788e+01 4.391004799414113813e-01 7.341038311195515753e-01
6.760829753919819041e+01 1.612484402046039378e+01 4.239928416577036230e-01 7.512033059910909749e-01
6.918309709189362877e+01 1.616322900731660894e+01 4.092649282976767999e-01 7.687010787988181049e-01
7.079457843841380793e+01 1.620198638852319206e+01 3.949131334938563165e-01 7.866064270934867153e-01
7.244359600749898220e+01 1.624111695149389334e+01 3.809336622433426300e-01 8.049288445277664739e-01
7.413102413009177383e+01 1.628062139406281617e+01 3.673225367751389303e-01 8.236780458899085611e-01
7.585775750291836061e+01 1.632050032358574754e+01 3.540756027549540330e-01 8.428639722546484858e-01
7.762471166286920266e+01 1.636075425613163148e+01 3.411885358086658160e-01 8.624967962541022493e-01
7.943282347242814012e+01 1.640138361576634551e+01 3.286568483444640698e-01 8.825869274714237545e-01
8.128305161640994925e+01 1.644238873393048195e+01 3.164758966526896033e-01 9.031450179601105965e-01
8.317637711026708303e+01 1.648376984891136487e+01 3.046408882617621106e-01 9.241819678918564707e-01
8.511380382023767766e+01 1.652552710541392855e+01 2.931468895264078278e-01 9.457089313359742233e-01
8.709635899560805683e+01 1.656766055422683337e+01 2.819888334259844642e-01 9.677373221734228981e-01
8.912509381337459047e+01 1.661017015202967428e+01 2.711615275372903922e-01 9.902788201486065756e-01
9.120108393559097237e+01 1.665305576101297547e+01 2.606596622390148776e-01 1.013345377062121910e+00
9.332543007969914584e+01 1.669631714941463585e+01 2.504778188491523228e-01 1.036949223107768381e+00
9.549925860214358408e+01 1.673995399088365943e+01 2.406104781865220643e-01 1.061102873357151033e+00
9.772372209558110967e+01 1.678396586512010202e+01 2.310520289278846229e-01 1.085819134395345609e+00
1.000000000000000000e+02 1.682835225796416978e+01 2.217967761827226436e-01 1.111111111111111160e+00
1.023292992280753566e+02 1.687311256178502461e+01 2.128389500531422951e-01 1.136992213645281691e+00
1.047128548050900605e+02 1.691824607594038454e+01 2.041727142088856639e-01 1.163476164501000776e+00
1.071519305237606972e+02 1.696375200733315936e+01 1.957921744461683655e-01 1.190577005819563272e+00
1.096478196143185073e+02 1.700962947106462408e+01 1.876913872059208233e-01 1.218309106825761212e+00
1.122018454301963004e+02 1.705587749118140550e+01 1.798643680279634616e-01 1.246687171446625664e+00
1.148153621496884114e+02 1.710249500151671853e+01 1.723050999177458131e-01 1.275726246107649064e+00
1.174897554939530266e+02 1.714948084662202632e+01 1.650075416037840581e-01 1.305441727710589195e+00
1.202264434617413116e+02 1.719683378278856623e+01 1.579656356641857551e-01 1.335849371797125595e+00
1.230268770812381121e+02 1.724455247915583556e+01 1.511733165020188174e-01 1.366965300902645675e+00
1.258925411794166109e+02 1.729263551890509376e+01 1.446245181501102928e-01 1.398806013104628931e+00
1.288249551693134833e+02 1.734108140053515257e+01 1.383131818870755592e-01 1.431388390770149899e+00
1.318256738556407299e+02 1.738988853921788547e+01 1.322332636475170575e-01 1.464729709507119226e+00
1.348962882591653170e+02 1.743905526823062146e+01 1.263787412105408514e-01 1.498847647324059063e+00
1.380384264602883775e+02 1.748857984046249925e+01 1.207436211520457742e-01 1.533760294003204239e+00
1.412537544622755377e+02 1.753846042999160915e+01 1.153219455475105182e-01 1.569486160691950349e+00
1.445439770745927888e+02 1.758869513372975035e+01 1.101077984133516097e-01 1.606044189717697579e+00
1.479108388168207284e+02 1.763928197313160240e+01 1.050953118762507216e-01 1.643453764631341407e+00
1.513561248436207052e+02 1.769021889596466224e+01 1.002786720612372506e-01 1.681734720484674428e+00
1.548816618912482852e+02 1.774150377813666779e+01 9.565212469062969736e-02 1.720907354347203100e+00
1.584893192461114211e+02 1.779313442557678826e+01 9.120998038731578661e-02 1.760992436067904787e+00
1.621810097358929852e+02 1.784510857616702495e+01 8.694661967716438289e-02 1.802011219287699806e+00
1.659586907437559660e+02 1.789742390172006736e+01 8.285649768668189308e-02 1.843985452708399642e+00
1.698243652461746080e+02 1.795007800999997016e+01 7.893414853330188441e-02 1.886937391624162297e+00
1.737800828749376194e+02 1.800306844678173235e+01 7.517418940694046980e-02 1.930889809721529016e+00
1.778279410038922776e+02 1.805639269794624369e+01 7.157132434264860954e-02 1.975866011154358670e+00
1.819700858609982674e+02 1.811004819160657320e+01 6.812034768535774054e-02 2.021889842899980749e+00
1.862087136662869398e+02 1.816403230026200077e+01 6.481614724880535583e-02 2.068985707403188101e+00
1.905460717963248385e+02 1.821834234297594080e+01 6.165370717178549065e-02 2.117178575514720329e+00
1.949844599758045547e+02 1.827297558757410201e+01 5.862811047584769869e-02 2.166493999731161857e+00
1.995262314968878741e+02 1.832792925285913199e+01 5.573454132950170226e-02 2.216958127743198670e+00
2.041737944669531544e+02 1.838320051083812245e+01 5.296828702483937640e-02 2.268597716299479483e+00
2.089296130854040712e+02 1.843878648895937644e+01 5.032473967328152803e-02 2.321440145393378618e+00
2.137962089502232459e+02 1.849468427235494872e+01 4.779939762787963065e-02 2.375513432780258505e+00
2.187761623949551790e+02 1.855089090608545987e+01 4.538786664026470130e-02 2.430846248832835510e+00
2.238721138568342326e+02 1.860740339738380911e+01 4.308586076091589639e-02 2.487467931742602723e+00
2.290867652767774700e+02 1.866421871789451714e+01 4.088920299194526847e-02 2.545408503075305084e+00
2.344228815319922603e+02 1.872133380590554808e+01 3.879382570203891711e-02 2.604698683688802863e+00
2.398832919019489793e+02 1.877874556856939137e+01 3.679577081358655077e-02 2.665369910021655464e+00
2.454708915685028501e+02 1.883645088411053692e+01 3.489118977233912622e-02 2.727454350761142621e+00
2.511886431509582280e+02 1.889444660401640519e+01 3.307634331019411456e-02 2.790984923899535897e+00
2.570395782768864592e+02 1.895272955520895763e+01 3.134760101189824899e-02 2.855995314187627532e+00
2.630267991895381670e+02 1.901129654219438692e+01 2.970144069658710653e-02 2.922519990994868699e+00
2.691534803926913924e+02 1.907014434918827561e+01 2.813444762516346259e-02 2.990594226585459925e+00
2.754228703338168884e+02 1.912926974221394261e+01 2.664331354453257014e-02 3.060254114820187610e+00
2.818382931264454783e+02 1.918866947117152932e+01 2.522483557969006085e-02 3.131536590293838795e+00
2.884031503126605571e+02 1.924834027187587537e+01 2.387591498457811157e-02 3.204479447918450852e+00
2.951209226666384211e+02 1.930827886806097382e+01 2.259355576251257866e-02 3.279121362962649222e+00
3.019951720402019077e+02 1.936848197334925459e+01 2.137486316681926068e-02 3.355501911557798866e+00
3.090295432513592004e+02 1.942894629318383437e+01 2.021704209212447922e-02 3.433661591681768765e+00
3.162277660168379612e+02 1.948966852672218408e+01 1.911739536651233320e-02 3.513641844631532951e+00
3.235936569296280823e+02 1.955064536868963643e+01 1.807332195450416304e-02 3.595485076995867502e+00
3.311311214825914249e+02 1.961187351119142264e+01 1.708231508052488259e-02 3.679234683139904760e+00
3.388441561392027666e+02 1.967334964548189191e+01 1.614196028221359658e-02 3.764935068213364211e+00
3.467368504525316553e+02 1.973507046368994011e+01 1.524993340260144201e-02 3.852631671694796367e+00
3.548133892335753217e+02 1.979703266049951083e+01 1.440399852983530529e-02 3.942370991484170251e+00
3.630780547701017440e+02 1.985923293478431617e+01 1.360200589276070252e-02 4.034200608556686163e+00
3.715352290971727598e+02 1.992166799119605614e+01 1.284188972030511459e-02 4.128169212190808679e+00
3.801893963205612863e+02 1.998433454170547918e+01 1.212166607221977672e-02 4.224326625784014411e+00
3.890451449942804629e+02 2.004722930709568374e+01 1.143943064835163843e-02 4.322723833269782823e+00
3.981071705534977241e+02 2.011034901840730527e+01 1.079335658322326530e-02 4.423413006149974791e+00
4.073802778041130068e+02 2.017369041833521237e+01 1.018169223230750049e-02 4.526447531156811088e+00
4.168693834703354923e+02 2.023725026257652360e+01 9.602758955989639314e-03 4.631882038559282933e+00
4.265795188015925419e+02 2.030102532112979929e+01 9.054948906822610222e-03 4.739772431128805863e+00
4.365158322401656505e+02 2.036501237954533039e+01 8.536722825293774353e-03 4.850175913779618320e+00
4.466835921509634773e+02 2.042920824012669101e+01 8.046607848944146643e-03 4.963151023899594172e+00
4.570881896148752048e+02 2.049360972308355144e+01 7.583195339309629045e-03 5.078757662387502592e+00
4.677351412871981324e+02 2.055821366763611735e+01 7.145138730790285587e-03 5.197057125413312662e+00
4.786300923226380064e+02 2.062301693307134087e+01 6.731151405202652135e-03 5.318112136918200505e+00
4.897788193684466478e+02 2.068801639975141171e+01 6.340004595426796188e-03 5.441986881871629045e+00
5.011872336272724624e+02 2.075320897007483723e+01 5.970525321230897749e-03 5.568747040303027696e+00
5.128613839913648462e+02 2.081859156939075461e+01 5.621594360037393719e-03 5.698459822126276109e+00
5.248074602497722481e+02 2.088416114686688019e+01 5.292144255091283528e-03 5.831194002775247576e+00
5.370317963702532325e+02 2.094991467631184179e+01 4.981157363198532827e-03 5.967019959669480400e+00
5.495408738576247742e+02 2.101584915695246281e+01 4.687663943925738687e-03 6.106009709529164553e+00
5.623413251903490391e+02 2.108196161416680070e+01 4.410740291887623246e-03 6.248236946559433846e+00
5.754399373371566071e+02 2.114824910017362569e+01 4.149506913500148643e-03 6.393777081523962735e+00
5.888436553555895898e+02 2.121470869467918874e+01 3.903126749340347836e-03 6.542707281728772806e+00
6.025595860743580943e+02 2.128133750548206393e+01 3.670803443032943057e-03 6.695106511937312099e+00
6.165950018614821602e+02 2.134813266903699969e+01 3.451779657375418729e-03 6.851055576238691103e+00
6.309573444801930009e+02 2.141509135097860650e+01 3.245335438219692104e-03 7.010637160891032948e+00
6.456542290346562822e+02 2.148221074660585828e+01 3.050786626447166052e-03 7.173935878162847501e+00
6.606934480075964302e+02 2.154948808132829541e+01 2.867483318206778299e-03 7.341038311195515753e+00
6.760829753919819041e+02 2.161692061107497409e+01 2.694808373430365982e-03 7.512033059910909749e+00
6.918309709189362593e+02 2.168450562266703230e+01 2.532175972497880626e-03 7.687010787988180383e+00
7.079457843841387330e+02 2.175224043415500574e+01 2.379030220793803673e-03 7.866064270934875147e+00
7.244359600749905894e+02 2.182012239512170737e+01 2.234843800777723891e-03 8.049288445277673176e+00
7.413102413009177099e+02 2.188814888695191740e+01 2.099116671083701893e-03 8.236780458899085389e+00
7.585775750291835493e+02 2.195631732306969752e+01 1.971374812066277200e-03 8.428639722546483526e+00
7.762471166286911739e+02 2.202462514914442693e+01 1.851169017123278221e-03 8.624967962541013833e+00
7.943282347242821970e+02 2.209306984326664747e+01 1.738073729048288888e-03 8.825869274714246870e+00
8.128305161640995493e+02 2.216164891609457754e+01 1.631685920597047501e-03 9.031450179601106854e+00
8.317637711026708303e+02 2.223035991097250985e+01 1.531624018391970115e-03 9.241819678918565373e+00
8.511380382023759239e+02 2.229920040402191717e+01 1.437526869237423528e-03 9.457089313359732685e+00
8.709635899560814778e+02 2.236816800420641727e+01 1.349052747873817669e-03 9.677373221734239195e+00
8.912509381337458763e+02 2.243726035337144964e+01 1.265878405161619544e-03 9.902788201486064423e+00
9.120108393559096385e+02 2.250647512625983282e+01 1.187698155655651832e-03 1.013345377062121777e+01
9.332543007969904920e+02 2.257581003050400881e+01 1.114223003505928960e-03 1.036949223107767182e+01
9.549925860214368640e+02 2.264526280659600843e+01 1.045179805602289118e-03 1.061102873357152099e+01
9.772372209558111535e+02 2.271483122783607556e+01 9.803104708669034897e-04 1.085819134395345742e+01
1.000000000000000000e+03 2.278451310026092358e+01 9.193711945899639242e-04 1.111111111111111072e+01
