Sp_000000.bin 1.00052 -8.01185e-08 3.12599e-08 -3.77972e-09 11.0793 11.2241 10.9015 2.16396 -1.12957e-09 -3.50797e-10 5.61178e-09 0.23709 0.236764 0.237341 0.293464 -1.36142 -0.923954 0.061821
Sp_000050.bin 1.00052 -2.84042e-06 3.92149e-06 -3.14464e-07 11.079 11.2241 10.9015 2.15909 -6.82706e-06 1.03669e-05 8.83391e-07 0.238552 0.237582 0.23752 0.294332 -1.41669 -0.783024 0.393527
Sp_000100.bin 1.00052 -9.17648e-06 1.44979e-05 2.21087e-07 11.0786 11.224 10.9013 2.15923 -9.10989e-06 1.50507e-05 -1.42539e-06 0.24 0.239315 0.239277 0.299179 -1.39615 -0.597418 0.706602
Sp_000150.bin 1.00052 -1.92259e-05 2.60816e-05 -2.88712e-06 11.0783 11.2238 10.9012 2.1502 -1.71423e-05 1.33967e-05 -6.24004e-06 0.242385 0.242304 0.242289 0.303895 -1.3006 -0.375724 0.98338
Sp_000200.bin 1.00052 -3.87434e-05 3.57407e-05 -1.08757e-05 11.0781 11.2238 10.9011 2.15453 -3.05407e-05 1.07853e-05 -1.21683e-05 0.245157 0.245012 0.244695 0.307112 -1.13379 -0.130529 1.2067
Sp_000250.bin 1.00052 -6.59154e-05 4.49172e-05 -1.89321e-05 11.0779 11.2239 10.9011 2.14792 -3.48988e-05 1.4382e-05 -8.34133e-06 0.246457 0.246503 0.245991 0.309413 -0.9034 0.125482 1.3622
Sp_000300.bin 1.00052 -8.96085e-05 6.02179e-05 -2.52019e-05 11.0778 11.224 10.9011 2.13738 -2.39473e-05 2.41538e-05 -8.44008e-06 0.246918 0.246499 0.246529 0.310381 -0.619685 0.376444 1.43717
Sp_000350.bin 1.00052 -0.000107741 8.26975e-05 -3.4455e-05 11.0779 11.2244 10.9013 2.11689 -2.27548e-05 3.08117e-05 -1.49036e-05 0.247321 0.246655 0.247189 0.311363 -0.295229 0.605182 1.42179
Sp_000400.bin 1.00052 -0.000126025 0.000107378 -4.68575e-05 11.0781 11.2247 10.9016 2.09266 -2.19548e-05 2.96495e-05 -1.48109e-05 0.247647 0.246634 0.24752 0.313151 0.0497881 0.795793 1.31107
Sp_000450.bin 1.00052 -0.000141637 0.000129104 -5.69241e-05 11.0784 11.2252 10.902 2.08401 -1.50277e-05 2.42864e-05 -9.44225e-06 0.247846 0.246694 0.247321 0.31386 0.390904 0.932456 1.10856
Sp_000500.bin 1.00052 -0.00014747 0.000145425 -6.25309e-05 11.0789 11.2257 10.9025 2.07498 9.866e-07 1.6697e-05 -5.55775e-06 0.24673 0.247538 0.246361 0.314445 0.70145 1.00081 0.823153
Sp_000550.bin 1.00052 -0.000143327 0.000154054 -6.63381e-05 11.0795 11.2264 10.9031 2.07589 4.71746e-06 6.58794e-07 -2.24337e-06 0.245826 0.247621 0.245463 0.313466 0.954328 0.99146 0.474542
Sp_000600.bin 1.00052 -0.000140337 0.000145515 -6.51662e-05 11.0802 11.2273 10.9038 2.07694 4.27013e-06 -2.0945e-05 3.19632e-06 0.245575 0.246632 0.245859 0.314176 1.12865 0.906821 0.0887768
Sp_000650.bin 1.00052 -0.00013447 0.000122271 -6.18543e-05 11.081 11.2283 10.9046 2.07953 1.01717e-05 -3.60158e-05 5.92214e-06 0.245616 0.246768 0.244878 0.314385 1.20993 0.754743 -0.300331
Sp_000700.bin 1.00052 -0.000124374 9.01208e-05 -5.58843e-05 11.0818 11.2294 10.9055 2.08949 1.29244e-05 -4.2468e-05 8.46589e-06 0.245722 0.245705 0.244468 0.314184 1.19377 0.546449 -0.662242
Sp_000750.bin 1.00052 -0.000118431 5.65878e-05 -4.81231e-05 11.0827 11.2306 10.9065 2.09462 5.77254e-07 -4.09441e-05 1.09138e-05 0.245886 0.244445 0.244694 0.314531 1.08593 0.298754 -0.972189
Sp_000800.bin 1.00052 -0.000123576 2.40112e-05 -3.57706e-05 11.0838 11.2319 10.9075 2.09545 -1.19154e-05 -4.03908e-05 2.03919e-05 0.244817 0.244898 0.244779 0.312775 0.90142 0.0314279 -1.2131
Sp_000850.bin 1.00052 -0.000133887 -5.55814e-06 -1.94973e-05 11.0849 11.2332 10.9085 2.10573 -1.33475e-05 -3.25752e-05 1.6909e-05 0.244599 0.244435 0.244312 0.312291 0.656578 -0.236348 -1.37129
Sp_000900.bin 1.00052 -0.000146009 -2.95056e-05 -1.28389e-05 11.0862 11.2347 10.9097 2.11033 -1.63735e-05 -2.94153e-05 -1.57158e-06 0.244837 0.243721 0.24391 0.312232 0.368153 -0.48828 -1.43915
Sp_000950.bin 1.00052 -0.00015866 -5.43487e-05 -2.21808e-05 11.0875 11.2362 10.911 2.11399 -1.5245e-05 -3.34971e-05 -1.9598e-05 0.243555 0.243881 0.24428 0.311442 0.0535627 -0.707914 -1.41887
Sp_001000.bin 1.00052 -0.000170393 -8.2824e-05 -4.35553e-05 11.0889 11.2377 10.9123 2.12224 -1.34953e-05 -3.74654e-05 -3.28537e-05 0.243106 0.243597 0.244221 0.310469 -0.26583 -0.884055 -1.31458
Sp_001050.bin 1.00052 -0.000176505 -0.000114434 -7.05929e-05 11.0903 11.2394 10.9136 2.12404 4.42809e-07 -4.06235e-05 -3.33267e-05 0.243242 0.243594 0.244395 0.311706 -0.570834 -1.00798 -1.13388
Sp_001100.bin 1.00052 -0.000168992 -0.000146108 -9.75192e-05 11.0918 11.2411 10.9151 2.12306 1.64043e-05 -3.7917e-05 -3.45782e-05 0.242896 0.242981 0.244158 0.311088 -0.844907 -1.07327 -0.890451
Sp_001150.bin 1.00052 -0.000153327 -0.000172692 -0.000127643 11.0933 11.2429 10.9167 2.12479 2.26338e-05 -3.05649e-05 -3.88295e-05 0.242511 0.242104 0.24364 0.309958 -1.07351 -1.07657 -0.595907
Sp_001200.bin 1.00052 -0.000132047 -0.00019904 -0.000155739 11.0949 11.2447 10.9183 2.12297 3.05194e-05 -3.57603e-05 -3.06904e-05 0.242071 0.241948 0.243359 0.310675 -1.24205 -1.01754 -0.265417
Sp_001250.bin 1.00052 -0.000105323 -0.00022964 -0.000176177 11.0966 11.2466 10.92 2.12052 3.49305e-05 -4.04453e-05 -2.13963e-05 0.242005 0.241217 0.24311 0.310501 -1.33737 -0.897389 0.0822227
Sp_001300.bin 1.00052 -7.9502e-05 -0.000263744 -0.000191037 11.0982 11.2485 10.9218 2.12716 2.93969e-05 -4.61494e-05 -1.63171e-05 0.242522 0.241099 0.242594 0.310743 -1.35548 -0.720401 0.425262
Sp_001350.bin 1.00052 -5.62112e-05 -0.000304191 -0.000201937 11.0999 11.2504 10.9236 2.12569 2.96302e-05 -5.43736e-05 -9.89551e-06 0.242893 0.241756 0.242485 0.310963 -1.2951 -0.496206 0.744562
Sp_001400.bin 1.00052 -3.29359e-05 -0.000349872 -0.000205314 11.1017 11.2524 10.9254 2.12323 2.57274e-05 -5.91815e-05 1.16307e-06 0.243149 0.241977 0.24279 0.310671 -1.15356 -0.235999 1.01783
Sp_001450.bin 1.00052 -1.96946e-05 -0.000400662 -0.000203791 11.1036 11.2544 10.9273 2.12057 5.90016e-06 -6.70714e-05 2.11104e-06 0.242161 0.242645 0.24265 0.311088 -0.934369 0.0421173 1.22623
Sp_001500.bin 1.00052 -2.35103e-05 -0.000457583 -0.000201217 11.1055 11.2565 10.9293 2.11577 -1.55092e-05 -7.38973e-05 2.33425e-06 0.241942 0.243282 0.242367 0.31157 -0.65106 0.320603 1.35088
Sp_001550.bin 1.00052 -4.51639e-05 -0.000514898 -0.000201939 11.1074 11.2586 10.9312 2.12074 -3.81362e-05 -6.90809e-05 -5.25101e-06 0.243105 0.242416 0.242727 0.311404 -0.322776 0.580774 1.38039
Sp_001600.bin 1.00052 -8.28895e-05 -0.000568779 -0.000211635 11.1094 11.2609 10.9333 2.12096 -5.39029e-05 -6.6849e-05 -1.90527e-05 0.243829 0.242571 0.24346 0.311664 0.0270461 0.801648 1.31044
Sp_001650.bin 1.00052 -0.000128438 -0.000624315 -0.000232613 11.1114 11.2631 10.9354 2.11246 -5.80939e-05 -7.34598e-05 -3.25599e-05 0.24376 0.242085 0.243142 0.312292 0.373549 0.967268 1.14815
Sp_001700.bin 1.00052 -0.000174136 -0.00068708 -0.000257521 11.1136 11.2654 10.9376 2.11566 -5.52077e-05 -8.33e-05 -2.61265e-05 0.243444 0.242971 0.242261 0.312091 0.691785 1.06672 0.909293
Sp_001750.bin 1.00052 -0.000213284 -0.000758285 -0.000272493 11.1158 11.2678 10.9398 2.11746 -4.06455e-05 -9.34388e-05 -1.02057e-05 0.243079 0.243355 0.241764 0.31118 0.960586 1.09678 0.612605
Sp_001800.bin 1.00052 -0.000236164 -0.000833063 -0.000271633 11.1181 11.2702 10.942 2.11286 -1.71536e-05 -9.04067e-05 1.12721e-05 0.242619 0.24368 0.24271 0.310171 1.16283 1.0594 0.277758
Sp_001850.bin 1.00052 -0.000241929 -0.000900816 -0.000258036 11.1205 11.2727 10.9443 2.11325 -9.91888e-07 -7.98315e-05 2.03062e-05 0.242249 0.24348 0.243213 0.309826 1.2862 0.959745 -0.0720671
Sp_001900.bin 1.00052 -0.000241168 -0.000964297 -0.000240567 11.1229 11.2752 10.9466 2.11316 1.95314e-06 -7.94808e-05 2.28293e-05 0.241515 0.242865 0.242501 0.309309 1.32921 0.805198 -0.413954
Sp_001950.bin 1.00052 -0.000241088 -0.00102848 -0.000225116 11.1253 11.2779 10.949 2.12051 -1.54588e-06 -8.25072e-05 1.13982e-05 0.24205 0.242962 0.241537 0.310144 1.29052 0.606237 -0.728105
Sp_002000.bin 1.00052 -0.000244764 -0.00109695 -0.000225067 11.1278 11.2805 10.9514 2.13488 -7.58603e-06 -8.91197e-05 -9.50077e-06 0.242211 0.242172 0.241836 0.310101 1.17291 0.374291 -0.996995
Sp_002050.bin 1.00052 -0.000251191 -0.00117288 -0.000239532 11.1303 11.2833 10.9538 2.14152 -7.48253e-06 -9.98015e-05 -2.61647e-05 0.242481 0.241673 0.242267 0.309061 0.983023 0.122475 -1.20484
Sp_002100.bin 1.00052 -0.000255181 -0.00125606 -0.000266045 11.1329 11.286 10.9563 2.14158 -1.92924e-06 -0.000107255 -3.93746e-05 0.241927 0.241664 0.24243 0.309117 0.731681 -0.133178 -1.33949
Sp_002150.bin 1.00052 -0.000252846 -0.00134389 -0.000301523 11.1356 11.2888 10.9588 2.13773 8.70813e-06 -0.000111075 -4.86903e-05 0.242472 0.241366 0.242576 0.308611 0.43443 -0.376751 -1.38794
Sp_002200.bin 1.00052 -0.000239801 -0.00143215 -0.000341689 11.1383 11.2915 10.9615 2.13954 2.40664e-05 -0.000109582 -4.8232e-05 0.242609 0.241129 0.242204 0.307738 0.108134 -0.592472 -1.34415
Sp_002250.bin 1.00052 -0.000217825 -0.00151597 -0.000375593 11.1412 11.2943 10.9641 2.13182 2.89816e-05 -9.91112e-05 -3.82825e-05 0.242044 0.242439 0.24151 0.307446 -0.227184 -0.764719 -1.20697
Sp_002300.bin 1.00052 -0.000194347 -0.001591 -0.000405496 11.144 11.2971 10.9668 2.13069 2.69025e-05 -8.89569e-05 -3.62961e-05 0.241386 0.242943 0.241091 0.307747 -0.548988 -0.879153 -0.982985
Sp_002350.bin 1.00052 -0.000177545 -0.00165658 -0.000433222 11.1469 11.3001 10.9695 2.12067 1.55724e-05 -7.54311e-05 -3.34536e-05 0.241891 0.243091 0.240944 0.307955 -0.834093 -0.92624 -0.685932
Sp_002400.bin 1.00052 -0.000169198 -0.00171191 -0.000459138 11.1498 11.303 10.9722 2.12503 5.7994e-06 -6.38134e-05 -3.16781e-05 0.24249 0.242507 0.240657 0.308834 -1.06081 -0.901052 -0.336156
Sp_002450.bin 1.00052 -0.000167148 -0.00175924 -0.000483678 11.1528 11.306 10.975 2.12617 7.61945e-08 -5.50139e-05 -2.83387e-05 0.242495 0.242693 0.240634 0.307877 -1.21176 -0.80819 0.0407527
Sp_002500.bin 1.00052 -0.000167752 -0.00179876 -0.000502777 11.1558 11.3092 10.9777 2.13927 -4.4147e-07 -4.47784e-05 -1.98681e-05 0.242031 0.242568 0.241804 0.308769 -1.27429 -0.653239 0.41844
Sp_002550.bin 1.00052 -0.000168856 -0.00183263 -0.000516118 11.1589 11.3123 10.9804 2.13569 -5.18036e-06 -4.03434e-05 -1.735e-05 0.241841 0.243076 0.241891 0.308661 -1.2449 -0.447588 0.76925
Sp_002600.bin 1.00052 -0.000177031 -0.00186593 -0.000531062 11.162 11.3155 10.9833 2.13476 -1.25045e-05 -4.36996e-05 -1.92325e-05 0.240821 0.242021 0.242061 0.30665 -1.12962 -0.207304 1.07029
Sp_002650.bin 1.00052 -0.000186889 -0.00190133 -0.000546062 11.1652 11.3188 10.9861 2.13902 -1.15219e-05 -4.42445e-05 -1.82608e-05 0.240402 0.242086 0.242147 0.306883 -0.939455 0.0512942 1.30308
Sp_002700.bin 1.00052 -0.000194964 -0.00193523 -0.000561215 11.1683 11.3221 10.9891 2.13857 -7.78129e-06 -3.97847e-05 -2.09311e-05 0.240421 0.242529 0.24121 0.30729 -0.689867 0.311568 1.45775
Sp_002750.bin 1.00052 -0.000198956 -0.00196497 -0.000581517 11.1714 11.3255 10.9921 2.13626 -2.81956e-06 -3.39532e-05 -2.84254e-05 0.24051 0.242784 0.241087 0.307214 -0.400572 0.556669 1.52702
Sp_002800.bin 1.00052 -0.000201208 -0.00198757 -0.000608805 11.1745 11.3289 10.9951 2.1415 -3.38147e-06 -2.55867e-05 -3.98147e-05 0.240865 0.24201 0.241646 0.307582 -0.0894734 0.77246 1.50932
Sp_002850.bin 1.00052 -0.000204967 -0.00200896 -0.000641797 11.1776 11.3325 10.9981 2.13934 -6.39074e-06 -2.92883e-05 -4.02793e-05 0.241988 0.240664 0.241344 0.305425 0.224268 0.949803 1.40733
Sp_002900.bin 1.00052 -0.000210884 -0.00203564 -0.000671452 11.1808 11.336 11.0012 2.13928 -6.96844e-06 -3.65081e-05 -3.37854e-05 0.242256 0.240585 0.241273 0.306072 0.525198 1.07798 1.2301
Sp_002950.bin 1.00052 -0.000215642 -0.00206403 -0.000696671 11.184 11.3396 11.0044 2.14219 -5.15469e-06 -3.23263e-05 -2.9517e-05 0.241439 0.240955 0.241251 0.306173 0.795689 1.14805 0.987122
Sp_003000.bin 1.00052 -0.000222439 -0.0020837 -0.000719715 11.1873 11.3432 11.0074 2.13655 -1.30895e-05 -1.71715e-05 -2.89811e-05 0.24116 0.24124 0.241211 0.305919 1.0186 1.15747 0.693467
Sp_003050.bin 1.00052 -0.00023301 -0.00209453 -0.000741617 11.1906 11.3468 11.0107 2.12859 -1.05054e-05 -1.14204e-05 -2.32221e-05 0.241269 0.240641 0.241269 0.305573 1.18026 1.10435 0.362878
Sp_003100.bin 1.00052 -0.000237795 -0.00210348 -0.000758038 11.1939 11.3504 11.0139 2.12996 -3.71343e-06 -1.18151e-05 -1.99798e-05 0.241509 0.240524 0.241114 0.306418 1.27062 0.990669 0.01397
Sp_003150.bin 1.00052 -0.000241048 -0.00211483 -0.000775974 11.1972 11.3541 11.0172 2.13695 -4.2798e-06 -1.72832e-05 -2.77176e-05 0.241171 0.240923 0.240937 0.306728 1.28186 0.820917 -0.333459
Sp_003200.bin 1.00052 -0.000243419 -0.00213193 -0.000803574 11.2006 11.3578 11.0205 2.13743 -8.94253e-07 -2.72158e-05 -3.93612e-05 0.241254 0.240908 0.241366 0.304835 1.21182 0.600335 -0.656012
Sp_003250.bin 1.00052 -0.000240678 -0.00215856 -0.000836262 11.204 11.3615 11.0238 2.13606 7.83072e-06 -3.84567e-05 -4.09499e-05 0.242456 0.241946 0.241486 0.305175 1.06066 0.341544 -0.93092
Sp_003300.bin 1.00052 -0.00023476 -0.00219226 -0.000868784 11.2075 11.3652 11.0272 2.13096 4.40122e-06 -4.37982e-05 -4.01159e-05 0.242507 0.241752 0.241507 0.306189 0.829696 0.0609389 -1.13521
Sp_003350.bin 1.00052 -0.000232145 -0.00222873 -0.000899011 11.2111 11.369 11.0306 2.13055 3.69516e-06 -4.75445e-05 -3.44436e-05 0.2417 0.241036 0.242795 0.307001 0.533766 -0.219452 -1.25029
Sp_003400.bin 1.00052 -0.000228945 -0.00226614 -0.000923238 11.2147 11.3728 11.034 2.12497 3.65476e-06 -4.37264e-05 -2.60309e-05 0.241929 0.240009 0.24138 0.306469 0.194083 -0.479003 -1.26242
Sp_003450.bin 1.00052 -0.000229468 -0.00229551 -0.000939659 11.2183 11.3766 11.0376 2.12958 -5.55679e-06 -3.02914e-05 -1.48866e-05 0.241224 0.240889 0.240516 0.304882 -0.160445 -0.697731 -1.16679
Sp_003500.bin 1.00052 -0.000236977 -0.00231346 -0.000947936 11.222 11.3804 11.0411 2.12776 -1.09348e-05 -1.41563e-05 -5.60187e-06 0.241397 0.24256 0.239361 0.306006 -0.504195 -0.857606 -0.974684
Sp_003550.bin 1.00052 -0.000242143 -0.0023151 -0.000950813 11.2258 11.3842 11.0445 2.13327 -1.46045e-06 1.04114e-05 -6.86849e-06 0.241246 0.242833 0.239817 0.306107 -0.812252 -0.945491 -0.704549
Sp_003600.bin 1.00052 -0.000239607 -0.0022961 -0.000963518 11.2295 11.3882 11.048 2.13416 9.09503e-06 3.45916e-05 -2.36107e-05 0.240902 0.242567 0.241904 0.305885 -1.06146 -0.958131 -0.379448
Sp_003650.bin 1.00052 -0.000228518 -0.00226084 -0.000988947 11.2334 11.3922 11.0515 2.12552 1.85115e-05 5.12647e-05 -3.96927e-05 0.241177 0.24143 0.243834 0.305867 -1.23614 -0.897441 -0.0225592
Sp_003700.bin 1.00052 -0.000207591 -0.00221823 -0.00102548 11.2372 11.3963 11.055 2.12737 3.22474e-05 5.21869e-05 -4.94266e-05 0.241297 0.241627 0.244029 0.305566 -1.3227 -0.770837 0.340136
Sp_003750.bin 1.00052 -0.000178778 -0.00218173 -0.00106624 11.2411 11.4003 11.0587 2.12454 3.88595e-05 3.75997e-05 -5.1975e-05 0.242569 0.241884 0.24328 0.306791 -1.32328 -0.590217 0.680414
Sp_003800.bin 1.00052 -0.000146428 -0.00215949 -0.00110848 11.245 11.4044 11.0624 2.1275 4.14889e-05 1.82603e-05 -5.365e-05 0.242188 0.241837 0.242633 0.306743 -1.24091 -0.3675 0.979091
Sp_003850.bin 1.00052 -0.000115646 -0.00215345 -0.00115135 11.249 11.4085 11.0662 2.13188 3.25697e-05 -1.02484e-06 -5.30078e-05 0.241583 0.240485 0.241419 0.305983 -1.08261 -0.11714 1.21926
Sp_003900.bin 1.00052 -9.63072e-05 -0.00216027 -0.00119108 11.253 11.4127 11.07 2.13291 1.60463e-05 -1.51097e-05 -4.49178e-05 0.240776 0.240448 0.240729 0.305134 -0.856372 0.145071 1.38675
Sp_003950.bin 1.00052 -8.83518e-05 -0.00217434 -0.0012224 11.2571 11.4169 11.0737 2.11903 3.99625e-06 -1.81373e-05 -3.64843e-05 0.240011 0.241004 0.24078 0.304973 -0.576664 0.400652 1.47033
Sp_004000.bin 1.00052 -9.14595e-05 -0.0021879 -0.00125275 11.2612 11.4211 11.0775 2.12369 -1.13712e-05 -1.61354e-05 -4.07252e-05 0.239101 0.241184 0.240906 0.304076 -0.260017 0.635291 1.46279
Sp_004050.bin 1.00052 -0.000103899 -0.00220091 -0.0012873 11.2653 11.4254 11.0814 2.11922 -1.62875e-05 -1.51285e-05 -4.43087e-05 0.240003 0.239887 0.240855 0.304104 0.0715318 0.83224 1.36549
Sp_004100.bin 1.00052 -0.000109398 -0.0022136 -0.00132062 11.2695 11.4297 11.0852 2.12235 4.11319e-06 -1.73455e-05 -3.91216e-05 0.240366 0.239922 0.24118 0.302972 0.399233 0.974377 1.18326
Sp_004150.bin 1.00052 -9.81105e-05 -0.00222964 -0.00135123 11.2736 11.4339 11.089 2.12367 2.2273e-05 -2.42635e-05 -3.71575e-05 0.240203 0.240963 0.240663 0.304291 0.698272 1.05354 0.92475
Sp_004200.bin 1.00052 -7.50324e-05 -0.00225431 -0.00138136 11.2778 11.4383 11.0929 2.12604 3.4164e-05 -3.8063e-05 -3.86709e-05 0.240472 0.240815 0.240315 0.303612 0.948466 1.06393 0.606947
Sp_004250.bin 1.00052 -4.42912e-05 -0.00229132 -0.00141072 11.282 11.4426 11.0967 2.12879 4.24062e-05 -5.39197e-05 -3.22741e-05 0.240336 0.240335 0.240948 0.302324 1.13233 1.00349 0.252456
Sp_004300.bin 1.00052 -7.61664e-06 -0.00233908 -0.00143261 11.2862 11.447 11.1006 2.12543 4.72306e-05 -6.58125e-05 -2.36867e-05 0.24061 0.240398 0.241047 0.303661 1.23453 0.876931 -0.116362
Sp_004350.bin 1.00052 2.89064e-05 -0.00239417 -0.00144785 11.2905 11.4514 11.1045 2.12317 4.48152e-05 -6.79799e-05 -1.50967e-05 0.240606 0.240668 0.240989 0.302465 1.24759 0.694142 -0.471302
Sp_004400.bin 1.00052 6.43393e-05 -0.00244303 -0.00146015 11.2948 11.4558 11.1084 2.11801 4.22587e-05 -5.38203e-05 -1.76462e-05 0.240712 0.2416 0.241242 0.303549 1.1716 0.466977 -0.78882
Sp_004450.bin 1.00052 9.54973e-05 -0.00248162 -0.00147801 11.2991 11.4603 11.1124 2.12711 3.58681e-05 -4.33921e-05 -2.71283e-05 0.240377 0.241189 0.242256 0.303329 1.01375 0.209511 -1.04722
Sp_004500.bin 1.00052 0.000122099 -0.00251195 -0.00150492 11.3034 11.4648 11.1164 2.12716 3.16783e-05 -3.25716e-05 -3.9664e-05 0.240479 0.240276 0.242803 0.30287 0.785245 -0.0591198 -1.22954
Sp_004550.bin 1.00052 0.000147992 -0.00253544 -0.00154345 11.3078 11.4693 11.1205 2.12908 3.42609e-05 -2.84402e-05 -5.67505e-05 0.240425 0.239269 0.242249 0.303166 0.501957 -0.318996 -1.32438
Sp_004600.bin 1.00052 0.000178174 -0.00256244 -0.0015945 11.3121 11.4738 11.1247 2.13662 4.17332e-05 -3.99774e-05 -6.84735e-05 0.239968 0.238846 0.240373 0.302193 0.183908 -0.553161 -1.32546
Sp_004650.bin 1.00052 0.00021376 -0.00260178 -0.00164818 11.3165 11.4783 11.1289 2.13386 4.66133e-05 -5.95323e-05 -6.36197e-05 0.239521 0.238851 0.238622 0.302652 -0.148215 -0.746508 -1.23256
Sp_004700.bin 1.00052 0.000251994 -0.00265953 -0.00169459 11.3209 11.4828 11.133 2.13489 4.82704e-05 -8.45677e-05 -5.22298e-05 0.238958 0.238712 0.239584 0.302608 -0.47311 -0.884182 -1.05044
Sp_004750.bin 1.00052 0.000290872 -0.00273562 -0.00173054 11.3253 11.4873 11.1372 2.14385 4.91331e-05 -0.000102388 -3.72857e-05 0.239335 0.239184 0.240844 0.303333 -0.766908 -0.957863 -0.792196
Sp_004800.bin 1.00052 0.000328492 -0.00281935 -0.0017536 11.3297 11.4918 11.1414 2.14012 4.46254e-05 -0.000103926 -2.249e-05 0.240037 0.239865 0.241534 0.304684 -1.00922 -0.961723 -0.474822
Sp_004850.bin 1.00052 0.000360614 -0.00289861 -0.00176832 11.3341 11.4963 11.1456 2.13529 3.34496e-05 -9.39936e-05 -1.53082e-05 0.241072 0.240979 0.242297 0.304077 -1.18234 -0.893216 -0.120662
Sp_004900.bin 1.00052 0.000378779 -0.0029683 -0.00177777 11.3386 11.5008 11.1498 2.13375 1.26693e-05 -7.90579e-05 -1.04668e-05 0.241443 0.240857 0.24199 0.304383 -1.27529 -0.758526 0.245145
Sp_004950.bin 1.00052 0.000382536 -0.0030226 -0.00179001 11.3431 11.5054 11.1541 2.12957 -2.32486e-06 -5.72336e-05 -2.1329e-05 0.241248 0.240616 0.241549 0.304746 -1.28021 -0.564265 0.596704
Sp_005000.bin 1.00052 0.000376734 -0.00306185 -0.0018121 11.3476 11.51 11.1584 2.1219 -1.09115e-05 -4.15526e-05 -3.13954e-05 0.240242 0.240917 0.241566 0.304122 -1.19519 -0.324513 0.911808
Sp_005050.bin 1.00052 0.000363766 -0.00308657 -0.00183813 11.3522 11.5146 11.1627 2.12119 -2.2718e-05 -2.22159e-05 -3.31658e-05 0.239943 0.241187 0.241341 0.303271 -1.02591 -0.0565457 1.16513
Sp_005100.bin 1.00052 0.000341535 -0.00310003 -0.00186627 11.3567 11.5193 11.1671 2.12239 -3.13561e-05 -1.21587e-05 -3.75604e-05 0.239793 0.240998 0.242247 0.303835 -0.782648 0.217968 1.3368
Sp_005150.bin 1.00052 0.000316365 -0.00310757 -0.00189634 11.3612 11.524 11.1716 2.12348 -2.94123e-05 -6.96675e-06 -3.46908e-05 0.240351 0.241653 0.242422 0.304695 -0.482577 0.480189 1.4139
Sp_005200.bin 1.00052 0.000297221 -0.00311085 -0.00192155 11.3658 11.5288 11.1761 2.12846 -1.82962e-05 -5.47454e-07 -2.92464e-05 0.241362 0.242435 0.242319 0.305879 -0.149552 0.710733 1.39098
Sp_005250.bin 1.00052 0.000287645 -0.00311096 -0.00194552 11.3703 11.5336 11.1806 2.12462 -6.63379e-06 -3.36128e-06 -3.2841e-05 0.242511 0.242234 0.242371 0.306062 0.192377 0.891594 1.27023
Sp_005300.bin 1.00052 0.000284434 -0.00311766 -0.00197494 11.3749 11.5385 11.1852 2.13402 -2.33943e-06 -1.29578e-05 -4.03049e-05 0.242721 0.242771 0.241621 0.306774 0.518218 1.01206 1.06128
Sp_005350.bin 1.00052 0.000283671 -0.00312957 -0.00200968 11.3796 11.5434 11.1899 2.14186 -6.08159e-07 -1.46586e-05 -4.67958e-05 0.242199 0.241878 0.241341 0.304759 0.806734 1.06352 0.780437
Sp_005400.bin 1.00052 0.000278606 -0.00313899 -0.00205058 11.3842 11.5484 11.1945 2.12831 -1.35576e-05 -1.00222e-05 -5.65821e-05 0.24091 0.24205 0.241689 0.30432 1.03743 1.04449 0.448726
Sp_005450.bin 1.00052 0.000261601 -0.00314737 -0.00210029 11.3889 11.5533 11.1993 2.12361 -2.84382e-05 -1.05882e-05 -6.79803e-05 0.241154 0.242065 0.242319 0.30525 1.19291 0.954761 0.0890439
Sp_005500.bin 1.00052 0.000230416 -0.00315697 -0.00215907 11.3937 11.5583 11.2041 2.1315 -4.94574e-05 -1.56326e-05 -7.60292e-05 0.240724 0.241394 0.241428 0.303215 1.26263 0.80099 -0.27182
Sp_005550.bin 1.00052 0.000184923 -0.00317094 -0.00221824 11.3984 11.5634 11.2089 2.13366 -6.0585e-05 -1.46365e-05 -7.16687e-05 0.241071 0.241629 0.240868 0.30407 1.2452 0.595707 -0.606557
Sp_005600.bin 1.00052 0.000141073 -0.00317856 -0.00227356 11.4032 11.5685 11.2138 2.13611 -4.67221e-05 -5.82749e-06 -6.6829e-05 0.241997 0.241253 0.241359 0.3048 1.1433 0.35335 -0.893768
Sp_005650.bin 1.00052 0.000112121 -0.00318311 -0.00232307 11.408 11.5735 11.2187 2.14147 -2.76519e-05 -7.28518e-06 -5.55988e-05 0.24149 0.24097 0.241346 0.304214 0.963341 0.0915356 -1.11649
Sp_005700.bin 1.00052 9.71876e-05 -0.00319111 -0.00236141 11.4128 11.5787 11.2237 2.14494 -8.41476e-06 -1.23057e-05 -4.22887e-05 0.240841 0.240764 0.241429 0.303637 0.716963 -0.171493 -1.26057
Sp_005750.bin 1.00052 9.94438e-05 -0.00320171 -0.00239279 11.4177 11.5838 11.2287 2.14002 1.43761e-05 -1.49332e-05 -3.65916e-05 0.241258 0.239888 0.240147 0.303289 0.420061 -0.41978 -1.3164
Sp_005800.bin 1.00052 0.000120916 -0.00321537 -0.00242189 11.4227 11.589 11.2336 2.14306 3.72273e-05 -1.94755e-05 -3.82588e-05 0.241854 0.239696 0.239655 0.303149 0.0930638 -0.63733 -1.2793
Sp_005850.bin 1.00052 0.000158061 -0.00323171 -0.00245276 11.4277 11.5941 11.2386 2.14613 5.20403e-05 -1.88207e-05 -3.62444e-05 0.240831 0.240322 0.240237 0.304235 -0.241351 -0.809428 -1.14906
Sp_005900.bin 1.00052 0.000201747 -0.0032428 -0.00247918 11.4328 11.5992 11.2436 2.14035 5.70281e-05 -8.46175e-06 -3.21672e-05 0.239852 0.240664 0.240722 0.30372 -0.560455 -0.921051 -0.932651
Sp_005950.bin 1.00052 0.000250437 -0.00324511 -0.00250803 11.4378 11.6043 11.2486 2.14146 6.5677e-05 2.86586e-06 -4.06633e-05 0.240456 0.240902 0.240492 0.304918 -0.840299 -0.961488 -0.644228
Sp_006000.bin 1.00052 0.000304015 -0.00323642 -0.00254399 11.4429 11.6095 11.2537 2.14159 6.62258e-05 1.64226e-05 -4.70565e-05 0.240963 0.240942 0.240766 0.305177 -1.06259 -0.925548 -0.305708
Sp_006050.bin 1.00052 0.000355541 -0.00322082 -0.00258175 11.448 11.6147 11.2588 2.14213 6.27117e-05 2.08696e-05 -4.83463e-05 0.240172 0.241393 0.241586 0.304072 -1.21097 -0.817113 0.0584286
Sp_006100.bin 1.00052 0.000404395 -0.00320581 -0.00261983 11.4532 11.6199 11.2639 2.14934 5.81919e-05 1.37402e-05 -4.35246e-05 0.240592 0.241082 0.241864 0.303772 -1.27625 -0.642245 0.422383
Sp_006150.bin 1.00052 0.000448299 -0.00319918 -0.00264988 11.4583 11.6252 11.269 2.1421 5.1989e-05 3.71724e-06 -3.16243e-05 0.241113 0.240211 0.241659 0.303492 -1.2544 -0.414934 0.760397
Sp_006200.bin 1.00052 0.000489094 -0.00320049 -0.00266852 11.4635 11.6304 11.2743 2.14542 4.78837e-05 -5.69788e-06 -1.44324e-05 0.240899 0.240097 0.241127 0.30288 -1.14681 -0.154501 1.04862
Sp_006250.bin 1.00052 0.000521989 -0.00320649 -0.00267431 11.4686 11.6357 11.2796 2.14217 3.35784e-05 -8.71474e-06 -8.40122e-07 0.240727 0.23974 0.239863 0.30338 -0.963805 0.119594 1.26762
Sp_006300.bin 1.00052 0.000542926 -0.00321116 -0.00267185 11.4739 11.6409 11.2849 2.13518 2.02251e-05 -1.63265e-06 4.86602e-06 0.240312 0.240443 0.240214 0.303228 -0.718297 0.391447 1.40546
Sp_006350.bin 1.00052 0.00055565 -0.00320888 -0.00266719 11.4791 11.6462 11.2902 2.13323 1.43629e-05 6.19919e-06 6.18279e-06 0.240677 0.241795 0.241009 0.304108 -0.426079 0.644345 1.45375
Sp_006400.bin 1.00052 0.000568512 -0.00320122 -0.00266229 11.4844 11.6515 11.2955 2.12661 1.6915e-05 1.29516e-05 6.01442e-06 0.241109 0.241822 0.241162 0.304859 -0.111251 0.862636 1.41002
Sp_006450.bin 1.00052 0.000583097 -0.00318767 -0.00265971 11.4897 11.6568 11.3009 2.11763 2.16232e-05 2.11178e-05 2.43518e-07 0.24189 0.242044 0.241226 0.305416 0.207823 1.03126 1.27931
Sp_006500.bin 1.00052 0.000599837 -0.00316765 -0.00266105 11.495 11.6622 11.3063 2.11152 1.7372e-05 2.64036e-05 -2.53807e-06 0.242614 0.242229 0.241302 0.305846 0.512091 1.13955 1.07109
Sp_006550.bin 1.00052 0.000614208 -0.00314784 -0.0026647 11.5004 11.6676 11.3117 2.10779 1.98042e-05 2.30508e-05 -5.71692e-06 0.242662 0.242476 0.241664 0.306654 0.780408 1.17902 0.796517
Sp_006600.bin 1.00052 0.00063207 -0.00313017 -0.00266795 11.5058 11.6731 11.3171 2.11131 2.46545e-05 2.00352e-05 -3.67551e-07 0.242554 0.242832 0.241234 0.306876 0.994456 1.14515 0.473086
Sp_006650.bin 1.00052 0.000653109 -0.00311833 -0.0026636 11.5113 11.6787 11.3226 2.10733 2.71046e-05 1.01721e-05 1.21762e-05 0.242669 0.241592 0.241386 0.30569 1.13914 1.03826 0.122316
Sp_006700.bin 1.00052 0.000675509 -0.00311306 -0.0026483 11.5168 11.6842 11.3281 2.12137 2.92865e-05 3.62008e-06 2.3774e-05 0.241752 0.242497 0.241591 0.305193 1.20196 0.862982 -0.230238
Sp_006750.bin 1.00052 0.000697085 -0.00311217 -0.00262874 11.5224 11.6899 11.3336 2.12021 2.15272e-05 6.92495e-07 2.39092e-05 0.241129 0.242926 0.241239 0.305753 1.17453 0.629288 -0.561485
Sp_006800.bin 1.00052 0.000708621 -0.00311052 -0.00261082 11.528 11.6955 11.3392 2.11786 9.58083e-06 2.28333e-06 1.95694e-05 0.24126 0.242096 0.241626 0.30372 1.05407 0.351964 -0.84428
Sp_006850.bin 1.00052 0.000715057 -0.00310802 -0.00259992 11.5336 11.7013 11.3448 2.12476 7.75709e-06 5.4114e-06 6.22669e-06 0.240637 0.241028 0.241041 0.303624 0.849962 0.051269 -1.05519
Sp_006900.bin 1.00052 0.000721525 -0.00310275 -0.0026006 11.5392 11.7071 11.3504 2.12868 8.40952e-06 6.34906e-06 -7.35996e-06 0.240455 0.240083 0.240655 0.303666 0.577881 -0.250353 -1.17603
Sp_006950.bin 1.00052 0.000729529 -0.00309875 -0.00261008 11.5448 11.7129 11.3561 2.13938 1.38799e-05 3.87201e-06 -1.41396e-05 0.241565 0.240097 0.24089 0.304089 0.258416 -0.527652 -1.19592
Sp_007000.bin 1.00052 0.000745885 -0.00309496 -0.00262251 11.5504 11.7187 11.3618 2.13012 2.79402e-05 5.76138e-06 -1.7668e-05 0.24207 0.240426 0.24126 0.304908 -0.084503 -0.760195 -1.11776
Sp_007050.bin 1.00052 0.000775077 -0.00309093 -0.0026396 11.5561 11.7246 11.3675 2.13326 4.5513e-05 3.27475e-06 -2.48456e-05 0.241975 0.241421 0.24092 0.304823 -0.424043 -0.931541 -0.951424
Sp_007100.bin 1.00052 0.000818065 -0.0030913 -0.00266038 11.5619 11.7304 11.3733 2.13354 5.9808e-05 -2.0345e-06 -2.6402e-05 0.241234 0.24188 0.240134 0.304368 -0.735966 -1.03089 -0.711212
Sp_007150.bin 1.00052 0.000868258 -0.00309459 -0.0026844 11.5676 11.7363 11.379 2.13967 6.27064e-05 -5.2147e-06 -3.43923e-05 0.241139 0.241009 0.240057 0.303711 -1.00275 -1.05574 -0.417694
Sp_007200.bin 1.00052 0.0009121 -0.00309875 -0.00271281 11.5734 11.7423 11.3848 2.14382 4.5222e-05 -6.02517e-06 -3.64011e-05 0.241305 0.240412 0.240164 0.303915 -1.20757 -1.01071 -0.0918053
Sp_007250.bin 1.00052 0.000937807 -0.00310895 -0.00274132 11.5792 11.7483 11.3905 2.13609 2.04171e-05 -2.00803e-05 -3.32162e-05 0.240856 0.24064 0.241073 0.30293 -1.34231 -0.898732 0.246075
Sp_007300.bin 1.00052 0.000946351 -0.00313044 -0.00276349 11.5851 11.7543 11.3963 2.13753 1.79701e-06 -3.27642e-05 -2.05923e-05 0.240598 0.241013 0.241084 0.303262 -1.40173 -0.729446 0.575124
Sp_007350.bin 1.00052 0.000944233 -0.00315745 -0.00277334 11.5909 11.7604 11.4021 2.13686 -6.01085e-06 -3.46939e-05 -4.6561e-06 0.240598 0.240536 0.239978 0.304382 -1.38539 -0.515231 0.877246
Sp_007400.bin 1.00052 0.000942046 -0.00318384 -0.00277155 11.5968 11.7665 11.4079 2.13596 3.77233e-06 -2.93231e-05 8.12638e-06 0.241408 0.240824 0.23949 0.304232 -1.29282 -0.269651 1.13604
Sp_007450.bin 1.00052 0.000952095 -0.00320508 -0.00276281 11.6026 11.7726 11.4136 2.14058 1.97611e-05 -2.5238e-05 1.28652e-05 0.241333 0.241308 0.239607 0.303305 -1.13256 -0.00677945 1.33798
Sp_007500.bin 1.00052 0.000972589 -0.00322505 -0.0027513 11.6086 11.7789 11.4193 2.14051 3.15666e-05 -2.35746e-05 1.46772e-05 0.240241 0.240521 0.239599 0.302915 -0.911779 0.258262 1.469
Sp_007550.bin 1.00052 0.00100171 -0.0032411 -0.00273994 11.6145 11.7851 11.4251 2.13642 4.11858e-05 -1.74605e-05 1.50244e-05 0.239684 0.240061 0.239108 0.303062 -0.642296 0.511727 1.52143
Sp_007600.bin 1.00052 0.00103713 -0.00325716 -0.00272391 11.6204 11.7914 11.4308 2.14062 4.76042e-05 -2.32191e-05 2.65611e-05 0.240287 0.239385 0.239582 0.302302 -0.338767 0.740158 1.48919
Sp_007650.bin 1.00052 0.00107795 -0.00327879 -0.00269621 11.6264 11.7978 11.4365 2.14495 5.30695e-05 -3.14094e-05 4.19839e-05 0.239316 0.239249 0.240368 0.302026 -0.0178591 0.928334 1.37023
Sp_007700.bin 1.00052 0.0011196 -0.00330649 -0.00265687 11.6323 11.8041 11.4422 2.14614 4.94279e-05 -3.70331e-05 5.64724e-05 0.239258 0.239464 0.242039 0.30308 0.301791 1.06215 1.17015
Sp_007750.bin 1.00052 0.00115504 -0.0033374 -0.00260425 11.6382 11.8105 11.448 2.13823 3.63256e-05 -3.66984e-05 7.36067e-05 0.239817 0.239843 0.242784 0.303155 0.598706 1.1281 0.896234
Sp_007800.bin 1.00052 0.00117503 -0.00336283 -0.00254301 11.6441 11.8169 11.4539 2.13378 1.51066e-05 -2.75056e-05 7.7784e-05 0.240041 0.240764 0.241117 0.303836 0.850092 1.1167 0.562292
Sp_007850.bin 1.00052 0.00117949 -0.00338188 -0.00248379 11.65 11.8233 11.4598 2.13693 -3.56938e-06 -2.36039e-05 6.78139e-05 0.240963 0.240486 0.240584 0.304261 1.03899 1.02391 0.194413
Sp_007900.bin 1.00052 0.00117443 -0.0034034 -0.0024386 11.6559 11.8297 11.4657 2.1337 -7.41551e-06 -2.85211e-05 4.54516e-05 0.241253 0.240438 0.241325 0.304357 1.14585 0.855113 -0.182385
Sp_007950.bin 1.00052 0.00117046 -0.00342688 -0.00241001 11.6618 11.8362 11.4716 2.13642 -1.64241e-06 -3.10132e-05 2.68638e-05 0.241514 0.240928 0.24199 0.303787 1.16037 0.6234 -0.543735
Sp_008000.bin 1.00052 0.00117271 -0.00345268 -0.0023945 11.6677 11.8427 11.4775 2.12965 7.32349e-06 -3.26018e-05 1.34349e-05 0.241785 0.240487 0.241894 0.304106 1.08487 0.348886 -0.858483
Sp_008050.bin 1.00052 0.00118059 -0.00347966 -0.00238715 11.6737 11.8493 11.4835 2.12407 1.06299e-05 -3.63584e-05 6.26406e-06 0.241855 0.240317 0.241455 0.303232 0.92793 0.0522839 -1.10582
Sp_008100.bin 1.00052 0.00118583 -0.00351368 -0.00238199 11.6798 11.8559 11.4896 2.11462 1.08873e-06 -4.77671e-05 7.82629e-06 0.241482 0.240129 0.240787 0.303028 0.704728 -0.247127 -1.27373
Sp_008150.bin 1.00052 0.00118184 -0.00355363 -0.00237491 11.6858 11.8625 11.4956 2.11287 -1.09118e-05 -5.07056e-05 9.26085e-06 0.240777 0.240072 0.240749 0.302267 0.434735 -0.529366 -1.35459
Sp_008200.bin 1.00052 0.00116719 -0.00359361 -0.00236675 11.6919 11.8691 11.5017 2.11329 -2.66765e-05 -5.01063e-05 1.15023e-05 0.240656 0.24072 0.240879 0.302347 0.134973 -0.775774 -1.34939
Sp_008250.bin 1.00052 0.00114061 -0.00363593 -0.00235629 11.698 11.8757 11.5078 2.11422 -3.70476e-05 -5.79745e-05 1.49176e-05 0.240834 0.241961 0.240678 0.30347 -0.175762 -0.974543 -1.26538
Sp_008300.bin 1.00052 0.00111023 -0.00368794 -0.00234178 11.7041 11.8824 11.5139 2.1194 -3.67835e-05 -6.88307e-05 2.03041e-05 0.24148 0.241659 0.240629 0.304515 -0.480671 -1.11686 -1.11051
Sp_008350.bin 1.00052 0.00108293 -0.00374321 -0.00232842 11.7102 11.8891 11.52 2.12527 -3.20902e-05 -6.87901e-05 1.17739e-05 0.240872 0.240998 0.240131 0.304215 -0.764187 -1.19664 -0.891148
Sp_008400.bin 1.00052 0.00106183 -0.00379696 -0.00232382 11.7163 11.8959 11.5262 2.13556 -2.00509e-05 -6.59056e-05 -1.98779e-06 0.240846 0.240532 0.240396 0.30322 -1.0115 -1.20957 -0.621668
Sp_008450.bin 1.00052 0.00104993 -0.00384447 -0.00233258 11.7225 11.9027 11.5323 2.136 -9.61467e-06 -5.34896e-05 -1.8307e-05 0.240647 0.241248 0.241502 0.304569 -1.20744 -1.15782 -0.318759
Sp_008500.bin 1.00052 0.0010482 -0.00388305 -0.00235397 11.7286 11.9095 11.5386 2.13314 6.08233e-06 -4.427e-05 -3.47712e-05 0.241147 0.241256 0.242339 0.305669 -1.34416 -1.04135 0.00201281
Sp_008550.bin 1.00052 0.0010592 -0.00391792 -0.00238611 11.7348 11.9163 11.5448 2.13034 2.11718e-05 -4.38405e-05 -4.33661e-05 0.241558 0.240574 0.241645 0.303588 -1.41129 -0.865927 0.3248
Sp_008600.bin 1.00052 0.00108151 -0.00395575 -0.00242031 11.7411 11.9231 11.5512 2.13189 3.349e-05 -5.26929e-05 -4.13114e-05 0.241749 0.241033 0.240775 0.302867 -1.40092 -0.638638 0.633254
Sp_008650.bin 1.00052 0.00111219 -0.00400076 -0.00245117 11.7473 11.93 11.5575 2.13258 4.25555e-05 -5.92631e-05 -3.6627e-05 0.241064 0.240517 0.240305 0.30293 -1.31064 -0.369405 0.906316
Sp_008700.bin 1.00052 0.00114519 -0.00405383 -0.0024793 11.7537 11.9369 11.5638 2.13207 3.6458e-05 -7.29113e-05 -3.33297e-05 0.239758 0.23952 0.240694 0.301661 -1.1401 -0.0738873 1.125
Sp_008750.bin 1.00052 0.00117245 -0.00411468 -0.00250286 11.76 11.9438 11.5702 2.13777 3.30267e-05 -7.71918e-05 -2.47806e-05 0.239148 0.240212 0.239691 0.302086 -0.895796 0.229925 1.27331
Sp_008800.bin 1.00052 0.00120008 -0.00417223 -0.00252207 11.7663 11.9507 11.5766 2.13851 3.59595e-05 -6.51655e-05 -2.4501e-05 0.2396 0.239416 0.239391 0.300655 -0.588879 0.520388 1.33641
Sp_008850.bin 1.00052 0.00122739 -0.00421991 -0.00254277 11.7725 11.9576 11.5829 2.142 3.24516e-05 -5.51706e-05 -2.70764e-05 0.240381 0.239037 0.239867 0.300706 -0.241224 0.776832 1.3058
Sp_008900.bin 1.00052 0.00125253 -0.00426246 -0.00256511 11.7789 11.9645 11.5893 2.14628 3.07374e-05 -5.3981e-05 -2.72106e-05 0.240064 0.239489 0.239709 0.303046 0.121852 0.980257 1.1829
Sp_008950.bin 1.00052 0.00127921 -0.00431235 -0.00258286 11.7852 11.9714 11.5957 2.15101 3.73361e-05 -7.17827e-05 -1.52794e-05 0.23964 0.239149 0.241151 0.301027 0.472132 1.11643 0.976188
Sp_009000.bin 1.00052 0.00131578 -0.00437376 -0.00258742 11.7916 11.9784 11.6022 2.15066 5.36089e-05 -8.15938e-05 3.62538e-06 0.239323 0.238834 0.241704 0.300839 0.785299 1.17937 0.702827
Sp_009050.bin 1.00052 0.00136127 -0.00444503 -0.00257823 11.7979 11.9852 11.6086 2.14671 5.83003e-05 -9.65655e-05 1.71125e-05 0.24026 0.239212 0.239774 0.302199 1.04097 1.16705 0.382932
Sp_009100.bin 1.00052 0.00140908 -0.00452534 -0.00256424 11.8041 11.9922 11.6152 2.14242 6.18012e-05 -0.000101791 1.65339e-05 0.240176 0.239434 0.23877 0.301797 1.22876 1.08584 0.0430141
Sp_009150.bin 1.00052 0.00146021 -0.00460655 -0.00255319 11.8105 11.9991 11.6217 2.14735 6.45714e-05 -0.000100423 9.28866e-06 0.239959 0.240053 0.239555 0.301184 1.34317 0.945055 -0.296779
Sp_009200.bin 1.00052 0.00151128 -0.00468666 -0.00255176 11.8169 12.0059 11.6283 2.14273 6.31075e-05 -9.91571e-05 -6.87033e-06 0.240919 0.239717 0.239935 0.300673 1.3807 0.752967 -0.618116
Sp_009250.bin 1.00052 0.00155992 -0.00476294 -0.00256585 11.8233 12.0129 11.6348 2.1368 5.66467e-05 -9.02357e-05 -2.70966e-05 0.241395 0.239628 0.239372 0.301592 1.34085 0.525885 -0.901382
Sp_009300.bin 1.00052 0.00159821 -0.00482993 -0.00259031 11.8297 12.0197 11.6413 2.12394 3.68969e-05 -7.87246e-05 -3.09084e-05 0.240774 0.240796 0.240502 0.30225 1.23155 0.27543 -1.13617
Sp_009350.bin 1.00052 0.00161711 -0.00488838 -0.00261109 11.8362 12.0266 11.648 2.13263 1.21602e-05 -6.67071e-05 -1.94855e-05 0.240968 0.241804 0.24013 0.303012 1.05851 0.015701 -1.3112
Sp_009400.bin 1.00052 0.00161959 -0.00493598 -0.00262327 11.8426 12.0336 11.6546 2.12921 -3.65658e-06 -4.99075e-05 -1.29323e-05 0.241571 0.24195 0.239544 0.302299 0.831143 -0.240213 -1.4184
Sp_009450.bin 1.00052 0.00161351 -0.00496906 -0.00263374 11.8491 12.0406 11.6612 2.13008 -1.09041e-05 -3.57005e-05 -1.40323e-05 0.240869 0.24202 0.238914 0.303296 0.560419 -0.479556 -1.451
Sp_009500.bin 1.00052 0.00160181 -0.00499643 -0.00264869 11.8557 12.0476 11.6677 2.12988 -1.84237e-05 -3.34623e-05 -2.35377e-05 0.240118 0.241107 0.239528 0.30304 0.259106 -0.688383 -1.40238
Sp_009550.bin 1.00052 0.00158584 -0.00502417 -0.00266997 11.8622 12.0547 11.6743 2.13933 -1.99107e-05 -3.66405e-05 -2.76655e-05 0.23974 0.240189 0.239683 0.301588 -0.0581344 -0.853141 -1.27212
Sp_009600.bin 1.00052 0.00156931 -0.00505505 -0.00268692 11.8687 12.0618 11.6809 2.14605 -2.09494e-05 -3.99492e-05 -1.37246e-05 0.240628 0.240135 0.239816 0.301485 -0.370722 -0.9607 -1.06384
Sp_009650.bin 1.00052 0.00155356 -0.00508582 -0.00269283 11.8752 12.0689 11.6876 2.15102 -1.7851e-05 -3.66599e-05 -3.48024e-06 0.240177 0.240527 0.239871 0.302947 -0.661193 -1.00092 -0.782691
Sp_009700.bin 1.00052 0.00154096 -0.0051157 -0.00269138 11.8818 12.0761 11.6942 2.15037 -1.31059e-05 -3.9203e-05 7.48302e-06 0.238755 0.240308 0.239503 0.301206 -0.907239 -0.964257 -0.443788
Sp_009750.bin 1.00052 0.00153472 -0.00514649 -0.00268373 11.8883 12.0832 11.7008 2.15397 -2.74367e-06 -3.67898e-05 9.45844e-06 0.238595 0.239813 0.239203 0.300461 -1.08809 -0.847657 -0.0696212
Sp_009800.bin 1.00052 0.00153543 -0.00517591 -0.0026773 11.8948 12.0904 11.7075 2.14555 3.0521e-06 -3.65904e-05 6.53044e-06 0.239647 0.23993 0.2398 0.302117 -1.18563 -0.65682 0.31428
Sp_009850.bin 1.00052 0.00153934 -0.00520355 -0.00267467 11.9013 12.0975 11.7141 2.1486 7.73621e-06 -3.18815e-05 -4.30084e-07 0.241593 0.239821 0.240497 0.303656 -1.18809 -0.405114 0.678536
Sp_009900.bin 1.00052 0.00155007 -0.00522783 -0.00268141 11.9079 12.1047 11.7208 2.13626 1.92164e-05 -2.81821e-05 -1.66691e-05 0.241615 0.24146 0.240238 0.303863 -1.09403 -0.112298 0.991964
Sp_009950.bin 1.00052 0.00156982 -0.00524838 -0.00269827 11.9145 12.1119 11.7275 2.127 2.67885e-05 -2.23992e-05 -2.31003e-05 0.241541 0.242531 0.239753 0.303869 -0.915753 0.197212 1.2311
Sp_010000.bin 1.00052 0.0015906 -0.00526083 -0.00271673 11.9211 12.1192 11.7342 2.12805 2.48501e-05 -7.62648e-06 -2.3447e-05 0.241048 0.242859 0.239846 0.302051 -0.672914 0.500289 1.38284
Sp_010050.bin 1.00052 0.00160871 -0.00525923 -0.00273497 11.9278 12.1265 11.7409 2.1277 1.88701e-05 9.51573e-06 -2.06741e-05 0.241124 0.242233 0.240717 0.302216 -0.389114 0.775086 1.44491
Sp_010100.bin 1.00052 0.0016198 -0.00524892 -0.00274908 11.9345 12.1339 11.7476 2.13372 1.11883e-05 1.56868e-05 -1.52841e-05 0.241001 0.242741 0.241126 0.302503 -0.0813127 1.00584 1.42076
Sp_010150.bin 1.00052 0.00162798 -0.00524108 -0.00275773 11.9412 12.1414 11.7543 2.1331 9.841e-06 -4.34632e-07 -6.55862e-06 0.242134 0.24202 0.241727 0.30228 0.228083 1.18359 1.31848
Sp_010200.bin 1.00052 0.00163408 -0.00525321 -0.00276054 11.9479 12.1489 11.7611 2.13998 3.54515e-06 -3.08097e-05 -1.6414e-06 0.241893 0.240885 0.241358 0.30173 0.523066 1.30423 1.1475
Sp_010250.bin 1.00052 0.00163261 -0.00528883 -0.00276112 11.9547 12.1563 11.7678 2.14649 -5.67971e-06 -5.56318e-05 -5.86403e-07 0.241272 0.239408 0.240114 0.302216 0.789824 1.36499 0.920038
Sp_010300.bin 1.00052 0.00162684 -0.00534323 -0.0027627 11.9615 12.1638 11.7746 2.15059 -9.55953e-06 -8.12045e-05 -3.3215e-06 0.240449 0.238651 0.240033 0.302125 1.0161 1.36217 0.650432
Sp_010350.bin 1.00052 0.00161617 -0.0054193 -0.00276471 11.9684 12.1713 11.7814 2.15688 -1.62947e-05 -0.000106496 -5.39725e-07 0.240628 0.238958 0.240577 0.302156 1.19189 1.29668 0.351641
Sp_010400.bin 1.00052 0.00160427 -0.00550739 -0.00276332 11.9753 12.1787 11.7882 2.15487 -1.14831e-05 -0.000110244 3.85824e-06 0.240967 0.238243 0.240137 0.301279 1.30874 1.17147 0.0394383
Sp_010450.bin 1.00052 0.0015996 -0.00559119 -0.00275999 11.9822 12.1861 11.7951 2.14912 8.15078e-07 -9.68912e-05 2.71337e-06 0.241064 0.23901 0.240241 0.303484 1.35689 0.991777 -0.271909
Sp_010500.bin 1.00052 0.00160502 -0.00565953 -0.00276256 11.9892 12.1935 11.802 2.14488 1.24375e-05 -7.43705e-05 -9.69166e-06 0.240543 0.240231 0.239805 0.302524 1.33124 0.764524 -0.565898
Sp_010550.bin 1.00052 0.0016214 -0.00571208 -0.00277718 11.9962 12.2008 11.8088 2.13605 2.88033e-05 -5.94137e-05 -2.56771e-05 0.240734 0.240953 0.2399 0.304043 1.22894 0.49697 -0.822701
Sp_010600.bin 1.00052 0.00164861 -0.00576021 -0.00280144 12.0032 12.2082 11.8157 2.14087 3.58209e-05 -6.28083e-05 -3.42244e-05 0.241225 0.241509 0.241633 0.302936 1.05063 0.203238 -1.02422
Sp_010650.bin 1.00052 0.00167695 -0.00581221 -0.00283017 12.0103 12.2157 11.8226 2.13193 3.50306e-05 -6.71337e-05 -3.75805e-05 0.24147 0.242046 0.242013 0.303578 0.800023 -0.0958463 -1.15557
Sp_010700.bin 1.00052 0.00170443 -0.005869 -0.00286175 12.0173 12.2232 11.8296 2.13339 3.35892e-05 -7.66024e-05 -4.13219e-05 0.241334 0.241605 0.242066 0.303822 0.488324 -0.378846 -1.19918
Sp_010750.bin 1.00052 0.0017291 -0.00593259 -0.00289496 12.0244 12.2307 11.8367 2.12651 2.64764e-05 -8.04445e-05 -4.30124e-05 0.241608 0.240054 0.241094 0.304309 0.137664 -0.62617 -1.14664
Sp_010800.bin 1.00052 0.00174411 -0.00599615 -0.00293282 12.0315 12.2382 11.8438 2.13001 1.11967e-05 -7.72425e-05 -5.03961e-05 0.241644 0.239905 0.240091 0.304346 -0.226356 -0.816967 -0.997642
Sp_010850.bin 1.00052 0.00174567 -0.00605265 -0.00297345 12.0386 12.2456 11.8508 2.13169 -6.46343e-06 -6.46725e-05 -5.00416e-05 0.241827 0.24104 0.238814 0.304898 -0.575539 -0.935681 -0.761629
Sp_010900.bin 1.00052 0.00173493 -0.0060996 -0.00300994 12.0458 12.2532 11.8579 2.13561 -1.83783e-05 -5.18342e-05 -4.27633e-05 0.242664 0.241858 0.239524 0.303578 -0.883747 -0.973596 -0.460588
Sp_010950.bin 1.00052 0.00171782 -0.00613708 -0.00304462 12.0531 12.2608 11.865 2.13102 -2.41159e-05 -4.57304e-05 -4.34262e-05 0.243422 0.242366 0.241168 0.3053 -1.12956 -0.931441 -0.120922
Sp_011000.bin 1.00052 0.00169495 -0.00617784 -0.00307534 12.0604 12.2684 11.872 2.12522 -3.19919e-05 -5.82508e-05 -3.35459e-05 0.242254 0.242275 0.241035 0.304306 -1.29941 -0.815554 0.230169
Sp_011050.bin 1.00052 0.00166897 -0.00622885 -0.00310035 12.0678 12.276 11.8791 2.12636 -3.23046e-05 -6.72117e-05 -2.87952e-05 0.240874 0.241387 0.24086 0.304416 -1.3886 -0.640972 0.569337
Sp_011100.bin 1.00052 0.00164457 -0.00628513 -0.00312062 12.0752 12.2837 11.8861 2.12698 -2.83031e-05 -7.44124e-05 -2.19731e-05 0.241208 0.240948 0.240916 0.303417 -1.39736 -0.421914 0.878446
Sp_011150.bin 1.00052 0.00162461 -0.00634833 -0.00313492 12.0826 12.2914 11.8933 2.12848 -2.2071e-05 -8.1385e-05 -1.34903e-05 0.240787 0.240592 0.241206 0.303248 -1.32998 -0.17354 1.14133
Sp_011200.bin 1.00052 0.00160994 -0.00640886 -0.00314186 12.09 12.2992 11.9004 2.13334 -1.32772e-05 -6.61767e-05 -3.19444e-06 0.240209 0.24069 0.240473 0.303492 -1.19316 0.0900407 1.3471
Sp_011250.bin 1.00052 0.00160463 -0.00645396 -0.00313719 12.0974 12.307 11.9076 2.13601 -5.0908e-07 -4.75431e-05 1.47764e-05 0.239238 0.241493 0.239685 0.304264 -0.996385 0.354791 1.4863
Sp_011300.bin 1.00052 0.00160707 -0.00648459 -0.0031193 12.1047 12.3148 11.9149 2.1323 5.20781e-06 -3.03049e-05 2.75996e-05 0.239845 0.241924 0.240504 0.30439 -0.748525 0.606014 1.55094
Sp_011350.bin 1.00052 0.001613 -0.00650245 -0.00309467 12.1121 12.3227 11.9221 2.13574 8.81255e-06 -1.54433e-05 3.37135e-05 0.24023 0.241742 0.240811 0.303915 -0.463537 0.832166 1.53988
Sp_011400.bin 1.00052 0.00161874 -0.0065117 -0.00306488 12.1195 12.3306 11.9293 2.13842 4.2182e-06 -7.71335e-06 4.03184e-05 0.240503 0.242058 0.240219 0.303531 -0.155778 1.01778 1.45224
Sp_011450.bin 1.00052 0.00161934 -0.00651516 -0.00303124 12.1268 12.3386 11.9365 2.13042 -1.68607e-06 -1.07703e-06 4.33247e-05 0.240735 0.241189 0.24064 0.302761 0.157665 1.15 1.28819
Sp_011500.bin 1.00052 0.00161815 -0.00651479 -0.00299853 12.1342 12.3467 11.9437 2.1375 -1.63746e-06 -1.16745e-06 3.40816e-05 0.241365 0.239785 0.241652 0.302692 0.45686 1.22017 1.05166
Sp_011550.bin 1.00052 0.00161116 -0.00651459 -0.002977 12.1416 12.3548 11.951 2.13119 -1.65041e-05 2.85834e-06 2.27523e-05 0.241374 0.239778 0.240958 0.301834 0.723619 1.21954 0.752
Sp_011600.bin 1.00052 0.0015946 -0.00650952 -0.00295938 12.149 12.3628 11.9583 2.13294 -2.18369e-05 8.88043e-06 2.10495e-05 0.241171 0.239833 0.240464 0.302721 0.93905 1.14288 0.404966
Sp_011650.bin 1.00052 0.00157905 -0.00650252 -0.00294569 12.1565 12.3709 11.9656 2.12943 -1.56892e-05 9.16541e-06 1.29717e-05 0.241308 0.239886 0.241513 0.303523 1.08307 0.991061 0.0322568
Sp_011700.bin 1.00052 0.00157221 -0.00649609 -0.00293617 12.1639 12.3789 11.973 2.1244 -1.25963e-08 6.00197e-06 1.50112e-05 0.240953 0.240926 0.242055 0.302205 1.13986 0.769643 -0.336708
Sp_011750.bin 1.00052 0.00157798 -0.00649456 -0.00292006 12.1715 12.387 11.9804 2.12546 1.27509e-05 -2.61165e-06 2.42867e-05 0.241105 0.241594 0.242405 0.303074 1.10228 0.494464 -0.672325
Sp_011800.bin 1.00052 0.00159153 -0.00650271 -0.00289719 12.1789 12.3951 11.9879 2.12371 1.95301e-05 -1.88939e-05 3.34626e-05 0.241161 0.241085 0.241671 0.303315 0.974744 0.189003 -0.949043
Sp_011850.bin 1.00052 0.00160907 -0.00652561 -0.00286713 12.1863 12.4033 11.9955 2.1261 2.47742e-05 -3.69859e-05 4.18647e-05 0.241241 0.240575 0.240782 0.302954 0.769346 -0.123181 -1.14638
Sp_011900.bin 1.00052 0.00162975 -0.00656098 -0.00283073 12.1939 12.4115 12.003 2.12955 2.53059e-05 -5.18361e-05 4.79184e-05 0.241718 0.241005 0.240548 0.303255 0.502601 -0.418931 -1.25742
Sp_011950.bin 1.00052 0.00164759 -0.00660446 -0.00279242 12.2014 12.4196 12.0106 2.12973 1.91557e-05 -5.22198e-05 4.64693e-05 0.241894 0.240788 0.240344 0.303957 0.196433 -0.679121 -1.27939
Sp_012000.bin 1.00052 0.00166216 -0.00664006 -0.00275587 12.209 12.4278 12.0182 2.1298 1.82006e-05 -3.60864e-05 4.5591e-05 0.241417 0.240629 0.240812 0.302938 -0.125976 -0.889968 -1.2169
Sp_012050.bin 1.00052 0.00168176 -0.00666084 -0.00271988 12.2165 12.4361 12.0258 2.13454 3.20793e-05 -1.59464e-05 4.34624e-05 0.241622 0.240752 0.241173 0.303565 -0.445602 -1.0432 -1.07876
Sp_012100.bin 1.00052 0.00171395 -0.00666875 -0.00268615 12.2241 12.4443 12.0335 2.14537 4.8452e-05 -6.70627e-06 4.11234e-05 0.241539 0.239544 0.240914 0.302097 -0.744928 -1.13352 -0.877799
Sp_012150.bin 1.00052 0.00175837 -0.0066719 -0.00265429 12.2317 12.4526 12.0413 2.14212 5.92627e-05 -1.55471e-07 4.03173e-05 0.241415 0.238344 0.240467 0.301145 -1.00799 -1.15581 -0.625404
Sp_012200.bin 1.00052 0.00180549 -0.00667157 -0.00261721 12.2394 12.4607 12.049 2.14437 5.76796e-05 -1.57946e-06 5.25949e-05 0.240461 0.23954 0.240161 0.300627 -1.22208 -1.11198 -0.334431
Sp_012250.bin 1.00052 0.00184844 -0.00667989 -0.00256997 12.2471 12.469 12.0568 2.14487 4.63442e-05 -2.0236e-05 6.33978e-05 0.239979 0.239483 0.240608 0.302025 -1.37536 -1.00676 -0.0217478
Sp_012300.bin 1.00052 0.00187639 -0.00670397 -0.002518 12.2547 12.4772 12.0645 2.14988 2.40764e-05 -3.94632e-05 6.58191e-05 0.24014 0.239043 0.239871 0.301127 -1.46088 -0.843833 0.297912
Sp_012350.bin 1.00052 0.00188609 -0.0067425 -0.00246769 12.2624 12.4853 12.0723 2.15327 -5.38262e-08 -5.53105e-05 5.78124e-05 0.239223 0.239384 0.239098 0.30081 -1.47256 -0.629832 0.606291
Sp_012400.bin 1.00052 0.00187661 -0.00679121 -0.00242742 12.2701 12.4935 12.0801 2.15533 -2.26595e-05 -6.39995e-05 4.26867e-05 0.238584 0.239284 0.239282 0.300269 -1.40777 -0.376883 0.885977
Sp_012450.bin 1.00052 0.00185206 -0.00683833 -0.00239827 12.2778 12.5018 12.0879 2.15318 -3.52187e-05 -4.95877e-05 3.18425e-05 0.237919 0.239249 0.24002 0.300382 -1.2658 -0.0976932 1.11909
Sp_012500.bin 1.00052 0.00182833 -0.00686908 -0.00237388 12.2854 12.5099 12.0958 2.15419 -2.22383e-05 -2.95251e-05 2.81694e-05 0.237923 0.238887 0.239989 0.300168 -1.05048 0.195036 1.28932
Sp_012550.bin 1.00052 0.0018164 -0.00688794 -0.00235366 12.293 12.5181 12.1037 2.16016 -1.03388e-05 -1.9457e-05 2.23419e-05 0.238687 0.239566 0.240265 0.300488 -0.770792 0.484295 1.38215
Sp_012600.bin 1.00052 0.00180997 -0.00689824 -0.00233792 12.3006 12.5264 12.1116 2.15504 -6.97593e-06 -6.15883e-06 1.78094e-05 0.240443 0.240685 0.24032 0.302451 -0.444017 0.749694 1.3872
Sp_012650.bin 1.00052 0.0018051 -0.00689969 -0.00232465 12.3082 12.5345 12.1194 2.15141 -4.32616e-06 1.30284e-06 1.38522e-05 0.24053 0.241654 0.240425 0.303286 -0.0909868 0.971049 1.30064
Sp_012700.bin 1.00052 0.00180217 -0.00689816 -0.00231866 12.3159 12.5429 12.1273 2.14744 -4.95143e-06 1.98556e-06 1.96381e-07 0.239353 0.242043 0.241167 0.302423 0.265442 1.13181 1.12777
Sp_012750.bin 1.00052 0.001795 -0.00689595 -0.00232531 12.3235 12.5511 12.1353 2.14854 -1.2696e-05 3.84599e-06 -1.76745e-05 0.239639 0.241808 0.241359 0.303316 0.598479 1.22294 0.882297
Sp_012800.bin 1.00052 0.00178459 -0.00689048 -0.00234894 12.3311 12.5594 12.1432 2.13593 -1.28771e-05 1.00141e-05 -4.00704e-05 0.239445 0.241381 0.241468 0.303845 0.884927 1.23863 0.57832
Sp_012850.bin 1.00052 0.00177519 -0.00687878 -0.00238779 12.3388 12.5679 12.1512 2.12717 -1.08688e-05 2.22984e-05 -5.397e-05 0.240156 0.241874 0.241445 0.30274 1.10801 1.18033 0.237843
Sp_012900.bin 1.00052 0.00176912 -0.00685264 -0.00242985 12.3465 12.5762 12.1592 2.12934 -2.09992e-06 4.10777e-05 -4.82108e-05 0.241012 0.24237 0.24106 0.303265 1.25818 1.05509 -0.115725
Sp_012950.bin 1.00052 0.00177481 -0.00681842 -0.00246229 12.3541 12.5846 12.1672 2.13301 1.51039e-05 4.34537e-05 -3.44966e-05 0.242175 0.241991 0.240211 0.304352 1.32956 0.87572 -0.461068
Sp_013000.bin 1.00052 0.00179191 -0.00678805 -0.00248549 12.3619 12.5931 12.1752 2.12775 2.67716e-05 2.82254e-05 -2.20312e-05 0.242955 0.241174 0.239965 0.303819 1.32409 0.653919 -0.77894
Sp_013050.bin 1.00052 0.00181653 -0.0067757 -0.00249632 12.3697 12.6016 12.1832 2.12734 3.57542e-05 2.07307e-06 -7.1194e-06 0.242691 0.240682 0.240842 0.304576 1.24693 0.402338 -1.05194
Sp_013100.bin 1.00052 0.00184782 -0.0067838 -0.00250274 12.3777 12.6101 12.1912 2.11903 3.95592e-05 -1.91692e-05 -1.06378e-05 0.241717 0.240714 0.240678 0.305875 1.10313 0.136159 -1.26724
Sp_013150.bin 1.00052 0.00187764 -0.00680056 -0.0025129 12.3856 12.6185 12.1992 2.11372 3.58148e-05 -2.12909e-05 -1.39732e-05 0.240862 0.240195 0.24065 0.304 0.902939 -0.132779 -1.41743
Sp_013200.bin 1.00052 0.00190496 -0.00681548 -0.00252621 12.3936 12.627 12.2072 2.11236 3.18969e-05 -1.56989e-05 -2.09092e-05 0.24087 0.241566 0.241262 0.304222 0.657198 -0.390982 -1.49608
Sp_013250.bin 1.00052 0.00192716 -0.00682511 -0.0025469 12.4016 12.6354 12.2153 2.11502 2.34924e-05 -6.76311e-06 -3.05261e-05 0.241643 0.241851 0.241958 0.304979 0.378074 -0.624503 -1.49872
Sp_013300.bin 1.00052 0.00194273 -0.00682259 -0.00256946 12.4098 12.644 12.2234 2.1124 1.64698e-05 1.26447e-05 -2.30635e-05 0.241094 0.242308 0.242179 0.304959 0.076196 -0.822812 -1.4252
Sp_013350.bin 1.00052 0.00195584 -0.00680734 -0.00258279 12.4178 12.6525 12.2315 2.11458 1.73349e-05 2.24155e-05 -1.20171e-05 0.240856 0.241978 0.241699 0.304035 -0.233613 -0.974489 -1.27851
Sp_013400.bin 1.00052 0.00196863 -0.00679083 -0.00258832 12.4259 12.6611 12.2397 2.11873 1.33564e-05 1.63158e-05 -1.08204e-06 0.240983 0.241302 0.240964 0.303428 -0.534563 -1.0688 -1.06446
Sp_013450.bin 1.00052 0.00197596 -0.00678369 -0.00258425 12.434 12.6697 12.248 2.11892 3.69774e-06 1.77643e-06 1.01592e-05 0.241888 0.241603 0.240415 0.30472 -0.810744 -1.10078 -0.790126
Sp_013500.bin 1.00052 0.00197397 -0.00678697 -0.00257493 12.4422 12.6783 12.2562 2.11832 -1.05836e-05 -7.30775e-06 1.21731e-05 0.242051 0.242331 0.240155 0.304512 -1.04376 -1.06448 -0.467713
Sp_013550.bin 1.00052 0.00195753 -0.00679557 -0.00256612 12.4504 12.687 12.2644 2.12027 -2.89915e-05 -1.41209e-05 1.07436e-05 0.241627 0.2424 0.240705 0.303287 -1.21649 -0.95713 -0.114535
Sp_013600.bin 1.00052 0.00192746 -0.00680852 -0.00255478 12.4586 12.6957 12.2725 2.13005 -4.51363e-05 -1.68354e-05 1.66854e-05 0.242471 0.241679 0.241358 0.303925 -1.31303 -0.782462 0.250337
Sp_013650.bin 1.00052 0.00188652 -0.00682002 -0.00253869 12.4669 12.7045 12.2808 2.13131 -5.49181e-05 -1.21594e-05 2.48909e-05 0.242834 0.240491 0.241491 0.303437 -1.32509 -0.547975 0.601141
Sp_013700.bin 1.00052 0.00184195 -0.00682782 -0.00251471 12.4752 12.7132 12.289 2.13826 -5.65163e-05 -6.34859e-06 3.488e-05 0.241799 0.240718 0.241692 0.302217 -1.24933 -0.267663 0.914608
Sp_013750.bin 1.00052 0.00179719 -0.0068283 -0.00248432 12.4836 12.722 12.2974 2.13561 -5.32343e-05 5.76062e-06 3.98078e-05 0.241179 0.241485 0.241874 0.303067 -1.09014 0.0399692 1.16872
Sp_013800.bin 1.00052 0.00176052 -0.00681894 -0.00245323 12.4919 12.7308 12.3057 2.13638 -3.82501e-05 1.5098e-05 3.67126e-05 0.239996 0.240725 0.241923 0.302659 -0.861375 0.350868 1.34266
Sp_013850.bin 1.00052 0.00173553 -0.00680632 -0.00242696 12.5003 12.7397 12.3141 2.13175 -2.5752e-05 1.56963e-05 2.87982e-05 0.240089 0.239444 0.241018 0.301774 -0.580027 0.644801 1.42806
Sp_013900.bin 1.00052 0.00171677 -0.00679169 -0.00240749 12.5086 12.7485 12.3226 2.12896 -2.1416e-05 2.25038e-05 2.10038e-05 0.239762 0.239706 0.23974 0.302727 -0.265791 0.9038 1.42236
Sp_013950.bin 1.00052 0.00169795 -0.00677019 -0.00239171 12.5169 12.7573 12.3311 2.12953 -2.85339e-05 2.90281e-05 1.8708e-05 0.239405 0.239954 0.239191 0.302091 0.0611701 1.11407 1.32976
Sp_014000.bin 1.00052 0.00166963 -0.00674893 -0.00237851 12.5253 12.7661 12.3395 2.12424 -4.27745e-05 2.26488e-05 1.33778e-05 0.240523 0.240339 0.239423 0.303051 0.378277 1.26534 1.15988
Sp_014050.bin 1.00052 0.00162914 -0.00673372 -0.00236769 12.5336 12.775 12.348 2.11942 -5.45435e-05 1.67585e-05 1.70324e-05 0.241462 0.241049 0.238966 0.304435 0.670043 1.3501 0.925482
Sp_014100.bin 1.00052 0.00158745 -0.00672103 -0.00235231 12.542 12.7839 12.3564 2.12422 -4.8346e-05 1.46858e-05 1.98816e-05 0.241937 0.241771 0.239478 0.304847 0.922036 1.36789 0.642953
Sp_014150.bin 1.00052 0.00155136 -0.00671191 -0.00233685 12.5504 12.7928 12.3649 2.12574 -4.32114e-05 7.34225e-06 1.88114e-05 0.24121 0.242994 0.240334 0.304561 1.12079 1.32157 0.330666
Sp_014200.bin 1.00052 0.00151871 -0.00670836 -0.00232209 12.5589 12.8018 12.3733 2.12544 -3.72568e-05 2.40776e-06 1.89023e-05 0.241568 0.242638 0.24045 0.303873 1.25758 1.2135 0.00365685
Sp_014250.bin 1.00052 0.00149286 -0.00670976 -0.00230517 12.5674 12.8109 12.3817 2.12975 -2.69376e-05 -7.17702e-06 2.19414e-05 0.24152 0.241721 0.240502 0.303582 1.32423 1.04803 -0.320407
Sp_014300.bin 1.00052 0.00147538 -0.00672138 -0.00229421 12.5759 12.82 12.3902 2.13346 -1.83189e-05 -2.06974e-05 2.39926e-06 0.240766 0.241124 0.239989 0.302223 1.32152 0.834265 -0.6235
Sp_014350.bin 1.00052 0.00146136 -0.006741 -0.00229892 12.5844 12.829 12.3986 2.1359 -1.87594e-05 -2.65176e-05 -1.12297e-05 0.239749 0.241406 0.239377 0.303162 1.24721 0.582009 -0.888513
Sp_014400.bin 1.00052 0.00144418 -0.00676338 -0.00230976 12.5929 12.8381 12.4071 2.14326 -2.50617e-05 -2.86319e-05 -1.4641e-05 0.239028 0.240623 0.23926 0.301723 1.10064 0.302989 -1.1027
Sp_014450.bin 1.00052 0.00141919 -0.00678374 -0.00232184 12.6014 12.8473 12.4155 2.14716 -3.61082e-05 -1.90991e-05 -1.61744e-05 0.239729 0.240166 0.239369 0.302625 0.887267 0.01332 -1.25076
Sp_014500.bin 1.00052 0.001386 -0.00679289 -0.00233664 12.6099 12.8565 12.4239 2.15212 -4.69869e-05 -3.28321e-06 -2.0416e-05 0.240891 0.240307 0.23938 0.302931 0.61763 -0.269141 -1.32028
Sp_014550.bin 1.00052 0.00134665 -0.00678789 -0.00234894 12.6185 12.8657 12.4324 2.15768 -4.40736e-05 1.5028e-05 -5.86429e-06 0.240789 0.240043 0.239506 0.302876 0.305037 -0.527861 -1.30351
Sp_014600.bin 1.00052 0.00132346 -0.00677076 -0.00234725 12.6271 12.8749 12.4408 2.15924 -1.47542e-05 2.80519e-05 6.3996e-06 0.239983 0.240388 0.240569 0.301976 -0.033846 -0.743768 -1.19728
Sp_014650.bin 1.00052 0.00132113 -0.00674511 -0.00234117 12.6356 12.884 12.4492 2.1577 6.97874e-06 3.49246e-05 9.26625e-06 0.240179 0.240737 0.240775 0.301967 -0.376177 -0.89948 -1.0046
Sp_014700.bin 1.00052 0.00133279 -0.00672075 -0.00233387 12.6442 12.8932 12.4578 2.15406 2.18159e-05 2.35295e-05 7.76532e-06 0.240733 0.240747 0.23986 0.302137 -0.697004 -0.981629 -0.73697
Sp_014750.bin 1.00052 0.00135761 -0.00670779 -0.00232963 12.6527 12.9025 12.4663 2.15647 3.99256e-05 9.7646e-06 1.1792e-06 0.240721 0.240747 0.24023 0.30097 -0.971175 -0.984968 -0.413423
Sp_014800.bin 1.00052 0.0013891 -0.00670507 -0.00233242 12.6614 12.9117 12.4749 2.15167 3.19543e-05 -2.31004e-06 -7.00026e-06 0.240973 0.240909 0.240288 0.302407 -1.18347 -0.913724 -0.0565487
Sp_014850.bin 1.00052 0.00140722 -0.00670972 -0.00233665 12.67 12.9209 12.4835 2.13523 1.39713e-05 -8.57022e-06 -2.21459e-06 0.241387 0.240786 0.23978 0.302603 -1.32022 -0.771659 0.308252
Sp_014900.bin 1.00052 0.00141218 -0.00671883 -0.00233606 12.6785 12.9302 12.4921 2.14349 -1.80099e-06 -1.38057e-05 3.90301e-06 0.241828 0.241269 0.239778 0.303273 -1.37584 -0.572224 0.655639
Sp_014950.bin 1.00052 0.00140395 -0.00673055 -0.00233019 12.6872 12.9395 12.5006 2.15142 -1.80732e-05 -1.46308e-05 1.06382e-05 0.24131 0.242516 0.239806 0.305166 -1.35524 -0.330635 0.965757
Sp_015000.bin 1.00052 0.00138498 -0.00674109 -0.00231944 12.6959 12.9489 12.5092 2.15471 -2.56082e-05 -1.13882e-05 1.66108e-05 0.24116 0.241794 0.240316 0.30382 -1.26299 -0.0630169 1.22312
Sp_015050.bin 1.00052 0.00136885 -0.00674894 -0.00230598 12.7046 12.9582 12.5178 2.15076 -1.40329e-05 -8.49209e-06 1.28388e-05 0.240691 0.240559 0.239676 0.302825 -1.10765 0.21444 1.41788
Sp_015100.bin 1.00052 0.00136102 -0.00675372 -0.00230105 12.7133 12.9676 12.5264 2.1548 -5.4274e-06 -4.36254e-06 -5.98507e-07 0.24083 0.240001 0.239661 0.303171 -0.90083 0.488669 1.54365
Sp_015150.bin 1.00052 0.00136103 -0.00675739 -0.00230707 12.722 12.977 12.535 2.15399 6.15533e-06 -6.15217e-06 -1.35664e-05 0.240662 0.239047 0.239419 0.301822 -0.653598 0.746278 1.59749
Sp_015200.bin 1.00052 0.0013725 -0.00676337 -0.00232136 12.7308 12.9863 12.5437 2.15918 2.16947e-05 -5.58988e-06 -2.1908e-05 0.239668 0.239199 0.238904 0.301877 -0.377289 0.974283 1.578
Sp_015250.bin 1.00052 0.00139371 -0.00676447 -0.00234314 12.7395 12.9957 12.5524 2.15973 2.85725e-05 2.66952e-06 -3.11682e-05 0.239646 0.240248 0.237767 0.302293 -0.0857388 1.16207 1.48574
Sp_015300.bin 1.00052 0.00141391 -0.00675592 -0.00236597 12.7482 13.005 12.5611 2.15585 2.31783e-05 1.86658e-05 -2.25296e-05 0.239963 0.241037 0.237385 0.303354 0.207919 1.30179 1.32558
Sp_015350.bin 1.00052 0.0014324 -0.00673587 -0.00237659 12.7569 13.0144 12.5697 2.14664 2.37722e-05 2.97042e-05 -4.17609e-06 0.239663 0.240561 0.238556 0.301644 0.488841 1.38538 1.10275
Sp_015400.bin 1.00052 0.00145162 -0.00671189 -0.00237299 12.7657 13.0238 12.5784 2.15261 2.43216e-05 2.83982e-05 1.27595e-05 0.24005 0.240913 0.240012 0.301752 0.743394 1.40321 0.825438
Sp_015450.bin 1.00052 0.00147317 -0.00669158 -0.00235457 12.7744 13.0332 12.5871 2.16195 3.19991e-05 2.13771e-05 3.32319e-05 0.240923 0.240575 0.239435 0.302716 0.954325 1.35238 0.505704
Sp_015500.bin 1.00052 0.00150467 -0.00667994 -0.00232216 12.7831 13.0426 12.5957 2.15169 4.63968e-05 7.35843e-06 4.505e-05 0.241427 0.24109 0.239155 0.303099 1.10644 1.23137 0.15836
Sp_015550.bin 1.00052 0.00154803 -0.00667873 -0.00228568 12.7918 13.052 12.6045 2.15468 6.0986e-05 -3.95543e-06 4.39036e-05 0.241058 0.241577 0.239791 0.303199 1.18675 1.0449 -0.196609
Sp_015600.bin 1.00052 0.00159894 -0.00668428 -0.00225316 12.8006 13.0615 12.6131 2.15738 6.43679e-05 -8.74427e-06 3.48354e-05 0.241057 0.240734 0.240218 0.303536 1.18869 0.798985 -0.536144
Sp_015650.bin 1.00052 0.00165136 -0.006691 -0.00223463 12.8094 13.0709 12.6219 2.15553 6.62112e-05 -6.23058e-06 1.21103e-05 0.24027 0.239949 0.239322 0.302366 1.10691 0.50673 -0.835936
Sp_015700.bin 1.00052 0.00170457 -0.00669274 -0.0022342 12.8183 13.0804 12.6306 2.14843 6.62842e-05 1.8205e-06 -1.12673e-05 0.239953 0.239986 0.23853 0.302596 0.943791 0.18747 -1.07322
Sp_015750.bin 1.00052 0.00175448 -0.00668728 -0.00225091 12.8271 13.0898 12.6394 2.15507 5.69956e-05 1.02604e-05 -2.77565e-05 0.240479 0.240506 0.239636 0.302814 0.710536 -0.13579 -1.23101
Sp_015800.bin 1.00052 0.00179558 -0.00667595 -0.0022765 12.836 13.0993 12.6481 2.15533 4.67041e-05 1.84613e-05 -3.38799e-05 0.241171 0.240306 0.240106 0.302074 0.422839 -0.440622 -1.2986
Sp_015850.bin 1.00052 0.00183168 -0.00665777 -0.00230438 12.8448 13.1087 12.6569 2.15213 4.42104e-05 2.66425e-05 -3.47087e-05 0.241507 0.240251 0.240601 0.302314 0.102417 -0.706638 -1.2746
Sp_015900.bin 1.00052 0.00186739 -0.00663556 -0.0023311 12.8536 13.1181 12.6657 2.14254 4.49409e-05 2.72914e-05 -3.13771e-05 0.241095 0.240318 0.240604 0.303199 -0.22826 -0.919779 -1.16563
Sp_015950.bin 1.00052 0.00190427 -0.00661472 -0.00235445 12.8626 13.1276 12.6745 2.14653 4.67009e-05 2.46493e-05 -2.66972e-05 0.241227 0.24034 0.239689 0.302557 -0.549039 -1.06987 -0.982724
Sp_016000.bin 1.00052 0.00193985 -0.00659828 -0.00237449 12.8715 13.1371 12.6834 2.13953 4.15897e-05 1.72117e-05 -2.52542e-05 0.2413 0.240366 0.240894 0.303164 -0.842905 -1.1521 -0.742012
Sp_016050.bin 1.00052 0.00197117 -0.00658913 -0.00239693 12.8804 13.1466 12.6923 2.14141 3.89157e-05 2.77475e-06 -3.13893e-05 0.241353 0.240866 0.2409 0.303259 -1.09406 -1.16487 -0.460213
Sp_016100.bin 1.00052 0.00200187 -0.00659478 -0.00242519 12.8894 13.156 12.7011 2.14524 3.65766e-05 -1.52713e-05 -3.83667e-05 0.240651 0.241016 0.240228 0.302312 -1.29143 -1.11023 -0.154478
Sp_016150.bin 1.00052 0.00202704 -0.00661388 -0.00245752 12.8984 13.1655 12.71 2.14503 2.6018e-05 -3.22573e-05 -4.06165e-05 0.240745 0.241079 0.239966 0.302842 -1.42694 -0.994805 0.160321
Sp_016200.bin 1.00052 0.00204457 -0.00664361 -0.00248763 12.9074 13.1751 12.719 2.14556 1.90035e-05 -3.98326e-05 -3.48891e-05 0.240048 0.241479 0.240162 0.302464 -1.49588 -0.825823 0.47029
Sp_016250.bin 1.00052 0.00205918 -0.00667791 -0.00251413 12.9163 13.1846 12.7279 2.14438 1.76921e-05 -4.66317e-05 -3.14831e-05 0.239734 0.242106 0.240376 0.303276 -1.4959 -0.611286 0.759067
Sp_016300.bin 1.00052 0.00207232 -0.00672026 -0.00253882 12.9253 13.1942 12.7369 2.14134 1.41098e-05 -5.93845e-05 -2.9953e-05 0.24025 0.241782 0.239819 0.30195 -1.42393 -0.359681 1.01428
Sp_016350.bin 1.00052 0.00208273 -0.00676924 -0.00256262 12.9342 13.2039 12.7459 2.14803 1.15523e-05 -5.99935e-05 -3.05489e-05 0.241232 0.240957 0.23926 0.301508 -1.28233 -0.0829846 1.21981
Sp_016400.bin 1.00052 0.00209011 -0.00681192 -0.00258959 12.9432 13.2136 12.7549 2.13823 8.91909e-06 -4.7462e-05 -3.72363e-05 0.241051 0.239787 0.240386 0.302061 -1.07684 0.204916 1.36385
Sp_016450.bin 1.00052 0.00209606 -0.00684489 -0.00262223 12.9522 13.2232 12.7639 2.14004 4.35452e-06 -3.41e-05 -4.39319e-05 0.240242 0.240694 0.240013 0.301084 -0.81429 0.486641 1.43641
Sp_016500.bin 1.00052 0.00209583 -0.00686358 -0.00266005 12.9612 13.2329 12.7729 2.1337 -3.46391e-06 -1.17498e-05 -5.19285e-05 0.239662 0.241838 0.240079 0.304096 -0.504291 0.745918 1.42747
Sp_016550.bin 1.00052 0.00209245 -0.00686311 -0.00270369 12.9701 13.2426 12.7819 2.13319 -5.13896e-06 1.03448e-05 -5.46721e-05 0.239344 0.241876 0.23986 0.303137 -0.163118 0.964218 1.33171
Sp_016600.bin 1.00052 0.00208787 -0.00684931 -0.00274439 12.9791 13.2524 12.791 2.13367 -6.58131e-06 2.0776e-05 -4.72778e-05 0.239909 0.241232 0.239721 0.301425 0.187294 1.12546 1.14924
Sp_016650.bin 1.00052 0.00208165 -0.00683363 -0.00277834 12.9881 13.2621 12.8 2.13603 -7.55323e-06 1.92337e-05 -3.69569e-05 0.240146 0.241246 0.240548 0.30176 0.521194 1.21294 0.889621
Sp_016700.bin 1.00052 0.00207572 -0.00681917 -0.00280622 12.997 13.272 12.8091 2.13491 -4.10227e-06 1.50781e-05 -3.4481e-05 0.239866 0.240533 0.240738 0.301917 0.813416 1.21904 0.570284
Sp_016750.bin 1.00052 0.00207959 -0.0068124 -0.00283532 13.006 13.2818 12.8181 2.13537 1.5211e-05 2.54205e-06 -3.76676e-05 0.239925 0.240134 0.240358 0.302194 1.04228 1.14407 0.212737
Sp_016800.bin 1.00052 0.00210021 -0.00681426 -0.00286583 13.015 13.2917 12.8272 2.13334 3.38765e-05 -7.46112e-06 -3.91481e-05 0.240458 0.240525 0.240463 0.30282 1.19727 0.998014 -0.156628
Sp_016850.bin 1.00052 0.00212964 -0.00682395 -0.00289954 13.024 13.3015 12.8364 2.13439 3.65804e-05 -1.60057e-05 -4.50458e-05 0.241128 0.240609 0.240901 0.304183 1.27018 0.791384 -0.512886
Sp_016900.bin 1.00052 0.00215516 -0.0068375 -0.00293295 13.033 13.3114 12.8455 2.135 2.66522e-05 -1.71351e-05 -3.59106e-05 0.241024 0.240226 0.241362 0.303803 1.26003 0.541051 -0.834751
Sp_016950.bin 1.00052 0.00217096 -0.0068508 -0.00295532 13.042 13.3212 12.8547 2.14336 1.545e-05 -1.39573e-05 -2.0191e-05 0.241331 0.240251 0.241299 0.303546 1.17368 0.266054 -1.10523
Sp_017000.bin 1.00052 0.00218333 -0.00685613 -0.00296364 13.051 13.3311 12.8639 2.14166 1.61663e-05 6.90796e-07 -5.14604e-07 0.240923 0.240221 0.240264 0.303519 1.0224 -0.0176864 -1.31422
Sp_017050.bin 1.00052 0.00219464 -0.00684994 -0.00295716 13.0601 13.341 12.8731 2.13829 1.29559e-05 1.56647e-05 1.54235e-05 0.240161 0.241011 0.239141 0.30241 0.817766 -0.295282 -1.45419
Sp_017100.bin 1.00052 0.00220595 -0.00683155 -0.0029392 13.0692 13.3509 12.8823 2.13542 1.62185e-05 2.84291e-05 2.90878e-05 0.240741 0.240988 0.238166 0.302925 0.571374 -0.553738 -1.52186
Sp_017150.bin 1.00052 0.00222219 -0.00680555 -0.00291158 13.0783 13.3609 12.8915 2.13176 2.39696e-05 3.56316e-05 3.889e-05 0.240993 0.240131 0.238738 0.303612 0.296779 -0.780688 -1.51718
Sp_017200.bin 1.00052 0.00224121 -0.00677878 -0.00287927 13.0875 13.3708 12.9005 2.12467 1.86955e-05 2.98161e-05 3.98381e-05 0.240484 0.240296 0.239809 0.302438 0.00725746 -0.966809 -1.44212
Sp_017250.bin 1.00052 0.00224755 -0.00676015 -0.00284965 13.0966 13.3808 12.9096 2.11963 -1.37547e-06 1.78882e-05 3.37143e-05 0.240417 0.239741 0.240212 0.302375 -0.285034 -1.10411 -1.30056
Sp_017300.bin 1.00052 0.00223984 -0.00674807 -0.00282567 13.1057 13.3908 12.9188 2.12472 -1.83328e-05 1.36712e-05 2.7669e-05 0.241959 0.239845 0.240086 0.303183 -0.565692 -1.18644 -1.10078
Sp_017350.bin 1.00052 0.0022178 -0.0067374 -0.00280409 13.1149 13.4008 12.9279 2.11841 -3.61674e-05 9.62811e-06 2.62721e-05 0.242842 0.239892 0.239047 0.302883 -0.82207 -1.2067 -0.846204
Sp_017400.bin 1.00052 0.00218515 -0.00673748 -0.00277968 13.1241 13.4109 12.937 2.11275 -4.27148e-05 -8.79193e-06 3.74963e-05 0.242933 0.240671 0.239267 0.303964 -1.03926 -1.16121 -0.547077
Sp_017450.bin 1.00052 0.00215132 -0.00674913 -0.00274229 13.1335 13.4209 12.9461 2.11393 -4.14854e-05 -1.84107e-05 5.46641e-05 0.243645 0.241182 0.240256 0.303693 -1.20354 -1.04866 -0.217845
Sp_017500.bin 1.00052 0.00212234 -0.00676319 -0.00269071 13.1429 13.431 12.9551 2.1152 -2.96673e-05 -1.79758e-05 7.31269e-05 0.24252 0.240907 0.240612 0.302082 -1.30303 -0.869031 0.125056
Sp_017550.bin 1.00052 0.00210551 -0.00677856 -0.00262971 13.1523 13.4411 12.9641 2.11849 -1.08397e-05 -1.895e-05 7.6096e-05 0.241167 0.239608 0.241141 0.301789 -1.3239 -0.627652 0.461691
Sp_017600.bin 1.00052 0.0021075 -0.00679407 -0.00257376 13.1617 13.4512 12.9732 2.12534 1.45732e-05 -2.13521e-05 6.27225e-05 0.241312 0.239431 0.24113 0.302035 -1.25599 -0.337662 0.768368
Sp_017650.bin 1.00052 0.00212732 -0.00681374 -0.00252838 13.1712 13.4613 12.9823 2.14312 3.42677e-05 -2.67398e-05 5.16518e-05 0.240691 0.239703 0.240659 0.301151 -1.09778 -0.014334 1.01881
Sp_017700.bin 1.00052 0.00216164 -0.00683524 -0.00249017 13.1806 13.4714 12.9915 2.13865 4.8303e-05 -2.50931e-05 4.41341e-05 0.239619 0.240353 0.241833 0.301285 -0.858298 0.319048 1.19169
Sp_017750.bin 1.00052 0.00220003 -0.00685332 -0.00245935 13.19 13.4815 13.0007 2.1382 4.29015e-05 -2.16613e-05 3.15196e-05 0.240449 0.240986 0.241455 0.301808 -0.555084 0.63445 1.27266
Sp_017800.bin 1.00052 0.00222708 -0.00686787 -0.00243693 13.1994 13.4916 13.01 2.13874 2.80262e-05 -1.20998e-05 2.84714e-05 0.241207 0.240575 0.241008 0.301037 -0.21314 0.906891 1.25713
Sp_017850.bin 1.00052 0.00225053 -0.00687191 -0.00241314 13.2088 13.5017 13.0193 2.13526 3.16283e-05 2.50768e-06 3.00218e-05 0.240051 0.239844 0.241275 0.301204 0.142135 1.11872 1.15151
Sp_017900.bin 1.00052 0.00227804 -0.00686422 -0.00239027 13.2182 13.5119 13.0287 2.13247 3.68418e-05 1.46664e-05 2.67256e-05 0.240116 0.239729 0.240344 0.300728 0.485965 1.25915 0.969067
Sp_017950.bin 1.00052 0.00230917 -0.00684929 -0.00237024 13.2276 13.522 13.0381 2.13463 4.05124e-05 2.25135e-05 2.42872e-05 0.240885 0.239629 0.239442 0.301483 0.795897 1.32579 0.726368
Sp_018000.bin 1.00052 0.00234247 -0.00682773 -0.00234957 13.2371 13.532 13.0475 2.1388 4.45122e-05 3.03929e-05 2.76014e-05 0.240156 0.240105 0.238964 0.300833 1.05511 1.31997 0.443188
Sp_018050.bin 1.00052 0.00238489 -0.00680322 -0.00232788 13.2465 13.5421 13.0569 2.13893 6.1442e-05 3.13861e-05 2.80073e-05 0.240409 0.239835 0.238945 0.300015 1.25478 1.24653 0.138635
Sp_018100.bin 1.00052 0.00244007 -0.00677855 -0.00230397 13.256 13.5522 13.0663 2.14083 7.66164e-05 3.11738e-05 3.13506e-05 0.240506 0.239249 0.239442 0.299251 1.38954 1.11413 -0.170889
Sp_018150.bin 1.00052 0.00250988 -0.00675094 -0.00227819 13.2655 13.5623 13.0757 2.13604 9.86369e-05 3.7244e-05 3.28723e-05 0.240461 0.239533 0.240032 0.300495 1.45599 0.933553 -0.468909
Sp_018200.bin 1.00052 0.00259827 -0.00671968 -0.0022534 13.275 13.5724 13.0851 2.14055 0.000120414 3.85588e-05 2.68489e-05 0.240219 0.240078 0.240608 0.300959 1.45288 0.713518 -0.742885
Sp_018250.bin 1.00052 0.00269966 -0.00669248 -0.00223715 13.2845 13.5825 13.0945 2.13824 0.000131043 2.86577e-05 1.57519e-05 0.240114 0.240304 0.240733 0.301695 1.3803 0.46544 -0.982056
Sp_018300.bin 1.00052 0.00280563 -0.00667499 -0.00222835 13.2941 13.5925 13.1039 2.13954 0.000133572 1.58643e-05 5.39597e-06 0.240388 0.240367 0.241632 0.302062 1.24245 0.200537 -1.17268
Sp_018350.bin 1.00052 0.0029124 -0.00666523 -0.00223052 13.3036 13.6026 13.1134 2.13772 0.000131273 1.01416e-05 -1.03353e-05 0.240784 0.239668 0.241011 0.301747 1.04384 -0.0692294 -1.304
Sp_018400.bin 1.00052 0.00301138 -0.00666094 -0.00224406 13.3132 13.6127 13.1229 2.13849 0.000115081 -1.34699e-06 -2.28429e-05 0.240495 0.239236 0.239958 0.303054 0.79048 -0.330369 -1.37004
Sp_018450.bin 1.00052 0.00309544 -0.00666808 -0.00226642 13.3227 13.6228 13.1325 2.14422 9.42259e-05 -1.64606e-05 -3.21018e-05 0.239742 0.240152 0.239659 0.302149 0.490356 -0.569862 -1.36201
Sp_018500.bin 1.00052 0.00316136 -0.00668687 -0.00229318 13.3324 13.6329 13.1419 2.1462 7.09655e-05 -2.93325e-05 -3.38928e-05 0.239369 0.23969 0.240035 0.301571 0.158502 -0.770993 -1.27227
Sp_018550.bin 1.00052 0.00320974 -0.00671546 -0.00232073 13.3419 13.643 13.1514 2.1468 4.85004e-05 -4.24682e-05 -3.45775e-05 0.240233 0.239347 0.240495 0.300993 -0.186783 -0.917134 -1.10061
Sp_018600.bin 1.00052 0.00323997 -0.00675123 -0.00234721 13.3516 13.6531 13.1608 2.1475 3.01864e-05 -4.48506e-05 -3.06332e-05 0.240021 0.239031 0.241629 0.300425 -0.520548 -0.994159 -0.850073
Sp_018650.bin 1.00052 0.00325906 -0.00678828 -0.00236895 13.3613 13.6632 13.1703 2.14295 1.7178e-05 -4.92425e-05 -2.34009e-05 0.240232 0.239438 0.241622 0.302436 -0.81808 -0.991964 -0.535684
Sp_018700.bin 1.00052 0.00326783 -0.00683082 -0.00238344 13.3709 13.6733 13.1799 2.14431 7.45309e-06 -5.69776e-05 -1.29628e-05 0.24083 0.240184 0.241052 0.302262 -1.05305 -0.907633 -0.176692
Sp_018750.bin 1.00052 0.0032755 -0.00687849 -0.0023891 13.3806 13.6834 13.1894 2.13676 1.12967e-05 -6.30843e-05 -2.3185e-06 0.241397 0.240303 0.240956 0.301835 -1.20769 -0.744718 0.200831
Sp_018800.bin 1.00052 0.00328229 -0.00692957 -0.00238816 13.3903 13.6934 13.199 2.13931 5.62693e-06 -6.22646e-05 3.32273e-06 0.240258 0.241218 0.240822 0.300552 -1.27216 -0.516363 0.564556
Sp_018850.bin 1.00052 0.00328547 -0.00697624 -0.00238514 13.4001 13.7034 13.2085 2.13816 4.11676e-06 -5.46434e-05 4.48632e-06 0.239988 0.242146 0.240212 0.302344 -1.24498 -0.243576 0.888519
Sp_018900.bin 1.00052 0.00329186 -0.00701579 -0.00238184 13.4099 13.7136 13.2182 2.13293 1.29351e-05 -4.51697e-05 2.7752e-06 0.240745 0.243292 0.240445 0.302784 -1.13497 0.0538603 1.15279
Sp_018950.bin 1.00052 0.00330539 -0.00704848 -0.00238257 13.4196 13.7237 13.2277 2.13598 1.90655e-05 -3.75369e-05 -5.46597e-06 0.240854 0.242501 0.240701 0.30464 -0.954308 0.354647 1.34308
Sp_019000.bin 1.00052 0.0033206 -0.00707763 -0.00238912 13.4294 13.7339 13.2373 2.13966 1.94299e-05 -3.65482e-05 -9.02566e-06 0.240499 0.241567 0.24139 0.30341 -0.718078 0.640332 1.45019
Sp_019050.bin 1.00052 0.00333965 -0.00710731 -0.00239819 13.4393 13.7442 13.2469 2.13468 2.67308e-05 -3.79032e-05 -1.30609e-05 0.240409 0.240833 0.242276 0.301705 -0.445784 0.896733 1.47714
Sp_019100.bin 1.00052 0.00335855 -0.00714056 -0.00240785 13.4491 13.7544 13.2566 2.14563 1.96517e-05 -4.68997e-05 -1.14862e-05 0.239997 0.241168 0.240735 0.301694 -0.155231 1.11215 1.42751
Sp_019150.bin 1.00052 0.00337095 -0.00718341 -0.00241817 13.4589 13.7647 13.2663 2.1506 1.27544e-05 -5.85284e-05 -1.47227e-05 0.239876 0.240657 0.24006 0.30199 0.136886 1.27666 1.30368
Sp_019200.bin 1.00052 0.00338226 -0.00723181 -0.00243007 13.4687 13.7749 13.2761 2.14123 1.74183e-05 -6.11056e-05 -1.44034e-05 0.239868 0.24016 0.239379 0.301348 0.417116 1.38331 1.11493
Sp_019250.bin 1.00052 0.00340062 -0.00728016 -0.00244439 13.4785 13.7851 13.2858 2.13606 2.83814e-05 -5.83009e-05 -2.40914e-05 0.239644 0.239937 0.238553 0.302687 0.672624 1.42796 0.87225
Sp_019300.bin 1.00052 0.00342651 -0.00732313 -0.00246843 13.4883 13.7954 13.2955 2.13375 3.42759e-05 -4.94811e-05 -3.27219e-05 0.240763 0.241207 0.239122 0.303 0.890578 1.40591 0.587451
Sp_019350.bin 1.00052 0.00345536 -0.00736215 -0.00249383 13.4982 13.8056 13.3052 2.13852 3.92901e-05 -4.96232e-05 -3.19832e-05 0.241638 0.242233 0.240671 0.302604 1.05912 1.3162 0.272996
Sp_019400.bin 1.00052 0.00348979 -0.00740282 -0.00252008 13.5081 13.8159 13.315 2.13197 4.65443e-05 -5.06375e-05 -3.28961e-05 0.242094 0.241937 0.241687 0.304103 1.16588 1.16077 -0.0537207
Sp_019450.bin 1.00052 0.00353112 -0.00743869 -0.00255052 13.5179 13.8263 13.3248 2.12929 5.25436e-05 -3.73009e-05 -4.35876e-05 0.242365 0.241153 0.241499 0.303084 1.19919 0.944928 -0.372866
Sp_019500.bin 1.00052 0.00357144 -0.00746266 -0.00258651 13.5279 13.8366 13.3346 2.12287 5.15406e-05 -2.50634e-05 -4.47344e-05 0.241916 0.240374 0.241168 0.303028 1.1529 0.677149 -0.665231
Sp_019550.bin 1.00052 0.00361406 -0.00748044 -0.00262133 13.5378 13.847 13.3444 2.1187 5.45866e-05 -2.00517e-05 -4.2259e-05 0.241738 0.240714 0.241465 0.30277 1.02007 0.372013 -0.90815
Sp_019600.bin 1.00052 0.00365934 -0.0074949 -0.00265427 13.5478 13.8572 13.3543 2.12292 5.94392e-05 -1.61774e-05 -4.1035e-05 0.2421 0.240518 0.242143 0.302923 0.803489 0.0476147 -1.07803
Sp_019650.bin 1.00052 0.00371236 -0.00750444 -0.00268818 13.5579 13.8676 13.3642 2.12131 7.34269e-05 -7.56561e-06 -4.43384e-05 0.242263 0.240765 0.242108 0.302487 0.516035 -0.270386 -1.15612
Sp_019700.bin 1.00052 0.00377562 -0.00750859 -0.00272512 13.5679 13.8779 13.3742 2.11636 8.18714e-05 -5.16244e-06 -4.68787e-05 0.242406 0.240362 0.241472 0.30244 0.178615 -0.554482 -1.13208
Sp_019750.bin 1.00052 0.0038397 -0.00751722 -0.00276272 13.578 13.8882 13.3842 2.11679 7.68896e-05 -1.6185e-05 -4.71981e-05 0.242651 0.240705 0.240713 0.30334 -0.179666 -0.779934 -1.00792
Sp_019800.bin 1.00052 0.0038984 -0.00752938 -0.00279817 13.5881 13.8986 13.3942 2.11587 7.07186e-05 -1.31896e-05 -4.14163e-05 0.241801 0.240926 0.239963 0.302601 -0.527992 -0.928909 -0.796855
Sp_019850.bin 1.00052 0.00395207 -0.00753967 -0.00282949 13.5982 13.9089 13.4042 2.11947 6.34987e-05 -1.30249e-05 -3.7071e-05 0.241423 0.240679 0.239756 0.301792 -0.839585 -0.99089 -0.521224
Sp_019900.bin 1.00052 0.00399816 -0.00755124 -0.00285522 13.6085 13.9193 13.4142 2.12673 4.8334e-05 -1.51939e-05 -2.62768e-05 0.241053 0.240185 0.239483 0.301737 -1.09455 -0.970509 -0.20474
Sp_019950.bin 1.00052 0.00402748 -0.00756089 -0.00287041 13.6186 13.9296 13.4242 2.13435 2.73733e-05 -6.88619e-06 -1.23191e-05 0.24103 0.240073 0.238886 0.303087 -1.2778 -0.875475 0.128336
